9.553165341702295477e-01
9.544708989633536866e-01
9.536142959228613991e-01
9.527467251093563183e-01
9.518681870408506329e-01
9.509786807563500588e-01
9.500781970310538949e-01
9.491667233892484568e-01
9.482442416816287967e-01
9.473107310763754230e-01
9.463661642988848710e-01
9.454105111562436381e-01
9.444437351005686709e-01
9.434657966308681587e-01
9.424766497119986264e-01
9.414762452278925275e-01
9.404645273794283167e-01
9.394414371476931258e-01
9.384069086311135344e-01
9.373608725311441958e-01
9.363032524352375985e-01
9.352339683216331911e-01
9.341529327834209306e-01
9.330600545507061749e-01
9.319552346559724088e-01
9.308383699685767176e-01
9.297093493024797262e-01
9.285680569553685926e-01
9.274143687622879995e-01
9.262481556281466633e-01
9.250692795333779195e-01
9.238775970444157437e-01
9.226729552807573231e-01
9.214551953829118736e-01
9.202241484541646699e-01
9.189796389593450909e-01
9.177214806593576579e-01
9.164494799066171815e-01
9.151634315962279276e-01
9.138631223147650751e-01
9.125483263391003241e-01
9.112188085839330043e-01
9.098743206880010037e-01
9.085146036918573254e-01
9.071393842619863701e-01
9.057483770130299039e-01
9.043412809337220137e-01
9.029177812461723907e-01
9.014775461142083834e-01
9.000202279051986443e-01
8.985454602822835479e-01
8.970528586999182430e-01
8.955420180078067505e-01
8.940125119676552989e-01
8.924638915300111552e-01
8.908956831036751733e-01
8.893073877092696478e-01
8.876984776602481197e-01
8.860683968518318077e-01
8.844165554179574951e-01
8.827423314852321790e-01
8.810450632455283371e-01
8.793240525974332922e-01
8.775785539082751052e-01
8.758077800879706665e-01
8.740108870908389616e-01
8.721869831298952880e-01
8.703351076641328010e-01
8.684542446809545568e-01
8.665432944932570658e-01
8.646010923176958851e-01
8.626263706144242649e-01
8.606177846013919330e-01
8.585738620236355034e-01
8.564930378294278723e-01
8.543735870279527411e-01
8.522136715607221413e-01
8.500112500620685685e-01
8.477641412278418276e-01
8.454699015469997470e-01
8.431259109917996764e-01
8.407292052082242506e-01
8.382765929398128257e-01
8.357644228317148150e-01
8.331887428804833906e-01
8.305449669977900129e-01
8.278281051419278391e-01
8.250322856697334117e-01
8.221510532930782489e-01
8.191766177933030857e-01
8.161003866871970880e-01
8.129119133637853212e-01
8.095993187439061156e-01
8.061470527706232625e-01
8.025378562861639198e-01
7.987507204487365176e-01
7.947591704737539953e-01
7.905195420910514637e-01
7.859851577970899950e-01
7.811103882468835025e-01
9.989374096548311321e-01
9.982110787893894166e-01
9.974755947920163068e-01
9.967309109673162526e-01
9.959769811952107199e-01
9.952137593526417803e-01
9.944411972784832354e-01
9.936592455746020569e-01
9.928678501961235581e-01
9.920669552056833318e-01
9.912565004505149435e-01
9.904364239286890248e-01
9.896066590209072755e-01
9.887671370742121546e-01
9.879177846120306139e-01
9.870585259775445097e-01
9.861892804033014492e-01
9.853099647523380078e-01
9.844204904795279543e-01
9.835207664569446395e-01
9.826106958182033724e-01
9.816901788661595019e-01
9.807591098038958011e-01
9.798173797178963973e-01
9.788648731973091932e-01
9.779014713845040063e-01
9.769270484865708593e-01
9.759414748824031260e-01
9.749446135319745910e-01
9.739363231259989817e-01
9.729164544008670479e-01
9.718848533130125533e-01
9.708413572702250249e-01
9.697857983080457878e-01
9.687179992516899985e-01
9.676377768658507295e-01
9.665449379658507256e-01
9.654392825048496718e-01
9.643205996582988604e-01
9.631886708033717825e-01
9.620432656075934563e-01
9.608841448438658617e-01
9.597110565226357748e-01
9.585237384715266096e-01
9.573219145610789571e-01
9.561052969599114215e-01
9.548735825174659020e-01
9.536264545827518591e-01
9.523635796244633855e-01
9.510846084722173188e-01
9.497891732759417005e-01
9.484768879911340544e-01
9.471473458069312734e-01
9.458001186486779677e-01
9.444347552394228851e-01
9.430507793302795871e-01
9.416476886058551266e-01
9.402249512704534684e-01
9.387820060675718947e-01
9.373182567407205568e-01
9.358330735155711011e-01
9.343257848077749506e-01
9.327956806204131812e-01
9.312420006728429067e-01
9.296639403055362294e-01
9.280606339316943565e-01
9.264311642306279904e-01
9.247745394448356748e-01
9.230897069018314527e-01
9.213755221430784959e-01
9.196307681756538122e-01
9.178541136481512819e-01
9.160441397363314753e-01
9.141992834451967420e-01
9.123178747786557796e-01
9.103980595551249833e-01
9.084378505066534881e-01
9.064350213318954630e-01
9.043871771878011501e-01
9.022916077133003032e-01
9.001453839127026013e-01
8.979451503916781041e-01
8.956872624784498749e-01
8.933674889310537770e-01
8.909811978591118953e-01
8.885229098920327528e-01
8.859865915910085654e-01
8.833650006608223526e-01
8.806500164386531493e-01
8.778314797545707648e-01
8.748980382641632358e-01
8.718356250499273985e-01
8.686274709921409931e-01
8.652495542145437479e-01
8.616751528456414455e-01
8.578724978843494942e-01
8.537952150796845885e-01
8.493481543469691974e-01
8.444274747929233493e-01
8.389322253869642143e-01
6.847191301074033731e-01
6.839694389765297311e-01
6.831933511267748171e-01
6.823916789366167857e-01
6.815652342018705401e-01
6.807148081367232484e-01
6.798411015166816451e-01
6.789447783421809213e-01
6.780264502128476867e-01
6.770867026512581432e-01
6.761260700135890422e-01
6.751450622740831076e-01
6.741441472056709516e-01
6.731237716314966146e-01
6.720843454310053700e-01
6.710262597696844411e-01
6.699498737950744243e-01
6.688555299689235012e-01
6.677435426866608070e-01
6.666142113010888881e-01
6.654678104454653242e-01
6.643046011016398023e-01
6.631248223321405399e-01
6.619287007130401079e-01
6.607164432630653339e-01
6.594882454954622553e-01
6.582442853599734800e-01
6.569847301247085936e-01
6.557097311807950080e-01
6.544194299273782267e-01
6.531139533138922149e-01
6.517934188707827925e-01
6.504579308862266096e-01
6.491075846996579024e-01
6.477424634279860260e-01
6.463626416176670997e-01
6.449681824510481443e-01
6.435591408346372777e-01
6.421355610295913507e-01
6.406974792383398620e-01
6.392449216148924362e-01
6.377779063985200558e-01
6.362964422698421663e-01
6.348005300684049779e-01
6.332901614697346027e-01
6.317653203130140227e-01
6.302259815826974920e-01
6.286721123627554419e-01
6.271036711142820019e-01
6.255206082636766141e-01
6.239228657751209051e-01
6.223103773713626330e-01
6.206830684071810156e-01
6.190408557129004619e-01
6.173836477821821322e-01
6.157113442198015596e-01
6.140238362644604431e-01
6.123210058135210021e-01
6.106027263091936552e-01
6.088688613035899699e-01
6.071192657447983532e-01
6.053537840355763811e-01
6.035722517646655572e-01
6.017744932014205128e-01
5.999603235274528767e-01
5.981295456972082203e-01
5.962819532359078245e-01
5.944173263821782571e-01
5.925354355305796350e-01
5.906360365564555792e-01
5.887188749954294087e-01
5.867836804321849842e-01
5.848301715255759259e-01
5.828580493214756686e-01
5.808670032510910852e-01
5.788567032025881964e-01
5.768268066423335449e-01
5.747769492496971333e-01
5.727067533374580188e-01
5.706158168181564294e-01
5.685037231300174021e-01
5.663700282586778822e-01
5.642142724160377210e-01
5.620359647913047985e-01
5.598345972613474331e-01
5.576096264670610259e-01
5.553604899374363635e-01
5.530865850574199216e-01
5.507872878761502777e-01
5.484619282353975223e-01
5.461098122540504196e-01
5.437301935276137588e-01
5.413222980781029481e-01
5.388852884066346327e-01
5.364182980921253785e-01
5.339203967354079206e-01
5.313906118919211607e-01
5.288278586132982850e-01
5.262310327848295222e-01
5.235990375758622362e-01
6.847191044586193875e-01
6.837821817643926492e-01
6.829566422534454340e-01
6.822344899421075581e-01
6.816077754511743469e-01
6.810689291547985524e-01
6.806119504260738085e-01
6.802314345123188222e-01
6.799226527520185748e-01
6.796812059984824739e-01
6.795032996918677348e-01
6.793854145044677662e-01
6.793244491730249246e-01
6.793175042172324707e-01
6.793620067143020247e-01
6.794555444259627874e-01
6.795959561833252449e-01
6.797812085465546605e-01
6.800094668318782398e-01
6.802790005630535708e-01
6.805882383225186905e-01
6.809356948324174486e-01
6.813200139280402023e-01
6.817399117289310029e-01
6.821942103725798789e-01
6.826817934258931908e-01
6.832016324156940934e-01
6.837527516774497549e-01
6.843342492227366680e-01
6.849452689446562381e-01
6.855850169828088259e-01
6.862527397272587537e-01
6.869477365808949187e-01
6.876693425756325029e-01
6.884169382315246111e-01
6.891899358721708113e-01
6.899877871308115473e-01
6.908099722545650856e-01
6.916560056934785150e-01
6.925254278358287108e-01
6.934178090281039042e-01
6.943327432999334414e-01
6.952698510942979526e-01
6.962287746304129943e-01
6.972091795693415861e-01
6.982107517332138968e-01
6.992331978883056243e-01
7.002762435942744279e-01
7.013396332520723808e-01
7.024231289010165469e-01
7.035265096506989613e-01
7.046495712793334754e-01
7.057921251456346079e-01
7.069539984709931613e-01
7.081350328079981660e-01
7.093350849130817259e-01
7.105540248321032815e-01
7.117917372903161954e-01
7.130481194415364543e-01
7.143230827195161670e-01
7.156165502851573601e-01
7.169284592983302673e-01
7.182587580869144173e-01
7.196074088113527667e-01
7.209743843696646559e-01
7.223596714390355666e-01
7.237632671220398661e-01
7.251851823607243785e-01
7.266254383208134993e-01
7.280840701843847018e-01
7.295611232607742691e-01
7.310566571744364639e-01
7.325707416833190377e-01
7.341034612892692879e-01
7.356549107357008843e-01
7.372252000787246073e-01
7.388144498275203143e-01
7.404227965260511413e-01
7.420503874905980402e-01
7.436973869648758617e-01
7.453639703990174725e-01
7.470503312553975483e-01
7.487566747609037954e-01
7.504832254558431170e-01
7.522302203431977530e-01
7.539979172957845810e-01
7.557865874959039942e-01
7.575965248209259872e-01
7.594280375082467227e-01
7.612814587303398106e-01
7.631571371911088919e-01
7.650554488760904492e-01
7.669767870230819184e-01
7.689215760657728271e-01
7.708902586538239898e-01
7.728833089847049198e-01
7.749012244106074920e-01
7.769445503756149396e-01
7.790138484612427749e-01
7.811096874518991262e-01
6.847194735907948804e-01
6.874527753398567143e-01
6.901860770889185481e-01
6.929193788379803820e-01
6.956526805870421049e-01
6.983859823361039387e-01
7.011192840851657726e-01
7.038525858342276065e-01
7.065858875832894404e-01
7.093191893323512742e-01
7.120524910814131081e-01
7.147857928304748310e-01
7.175190945795366648e-01
7.202523963285984987e-01
7.229856980776603326e-01
7.257189998267221664e-01
7.284523015757840003e-01
7.311856033248458342e-01
7.339189050739076681e-01
7.366522068229693909e-01
7.393855085720312248e-01
7.421188103210930587e-01
7.448521120701548925e-01
7.475854138192167264e-01
7.503187155682785603e-01
7.530520173173402831e-01
7.557853190664021170e-01
7.585186208154639509e-01
7.612519225645257848e-01
7.639852243135876186e-01
7.667185260626494525e-01
7.694518278117112864e-01
7.721851295607731203e-01
7.749184313098348431e-01
7.776517330588966770e-01
7.803850348079585109e-01
7.831183365570203447e-01
7.858516383060821786e-01
7.885849400551440125e-01
7.913182418042057353e-01
7.940515435532675692e-01
7.967848453023294031e-01
7.995181470513912370e-01
8.022514488004530708e-01
8.049847505495149047e-01
8.077180522985767386e-01
8.104513540476385725e-01
8.131846557967004063e-01
8.159179575457621292e-01
8.186512592948239631e-01
8.213845610438857969e-01
8.241178627929476308e-01
8.268511645420094647e-01
8.295844662910711875e-01
8.323177680401330214e-01
8.350510697891948553e-01
8.377843715382566891e-01
8.405176732873185230e-01
8.432509750363803569e-01
8.459842767854421908e-01
8.487175785345040246e-01
8.514508802835658585e-01
8.541841820326275814e-01
8.569174837816894152e-01
8.596507855307512491e-01
8.623840872798130830e-01
8.651173890288749169e-01
8.678506907779366397e-01
8.705839925269984736e-01
8.733172942760603075e-01
8.760505960251221413e-01
8.787838977741839752e-01
8.815171995232458091e-01
8.842505012723076430e-01
8.869838030213694768e-01
8.897171047704313107e-01
8.924504065194930336e-01
8.951837082685548674e-01
8.979170100176167013e-01
9.006503117666785352e-01
9.033836135157403691e-01
9.061169152648020919e-01
9.088502170138639258e-01
9.115835187629257597e-01
9.143168205119875935e-01
9.170501222610494274e-01
9.197834240101112613e-01
9.225167257591730952e-01
9.252500275082349290e-01
9.279833292572967629e-01
9.307166310063584858e-01
9.334499327554203196e-01
9.361832345044821535e-01
9.389165362535439874e-01
9.416498380026058213e-01
9.443831397516675441e-01
9.471164415007293780e-01
9.498497432497912119e-01
9.525830449988530457e-01
9.553163467479148796e-01
3.217509176079087485e-01
3.254172602585837515e-01
3.290836029092586990e-01
3.327499455599337019e-01
3.364162882106087049e-01
3.400826308612836524e-01
3.437489735119586554e-01
3.474153161626336583e-01
3.510816588133086058e-01
3.547480014639836088e-01
3.584143441146585563e-01
3.620806867653335592e-01
3.657470294160085622e-01
3.694133720666835652e-01
3.730797147173585127e-01
3.767460573680335156e-01
3.804124000187084631e-01
3.840787426693834661e-01
3.877450853200584691e-01
3.914114279707334720e-01
3.950777706214084195e-01
3.987441132720834225e-01
4.024104559227583700e-01
4.060767985734333729e-01
4.097431412241083759e-01
4.134094838747833789e-01
4.170758265254583264e-01
4.207421691761333293e-01
4.244085118268082768e-01
4.280748544774832798e-01
4.317411971281582828e-01
4.354075397788332302e-01
4.390738824295082332e-01
4.427402250801832362e-01
4.464065677308581837e-01
4.500729103815331866e-01
4.537392530322081896e-01
4.574055956828831926e-01
4.610719383335581401e-01
4.647382809842330875e-01
4.684046236349080905e-01
4.720709662855830935e-01
4.757373089362580965e-01
4.794036515869330439e-01
4.830699942376080469e-01
4.867363368882829944e-01
4.904026795389579974e-01
4.940690221896330003e-01
4.977353648403080033e-01
5.014017074909828953e-01
5.050680501416580093e-01
5.087343927923329012e-01
5.124007354430079042e-01
5.160670780936829072e-01
5.197334207443579102e-01
5.233997633950329131e-01
5.270661060457078051e-01
5.307324486963828081e-01
5.343987913470578111e-01
5.380651339977328140e-01
5.417314766484078170e-01
5.453978192990827090e-01
5.490641619497577119e-01
5.527305046004327149e-01
5.563968472511077179e-01
5.600631899017827209e-01
5.637295325524577239e-01
5.673958752031327268e-01
5.710622178538076188e-01
5.747285605044826218e-01
5.783949031551576248e-01
5.820612458058326277e-01
5.857275884565076307e-01
5.893939311071825227e-01
5.930602737578576367e-01
5.967266164085325286e-01
6.003929590592075316e-01
6.040593017098825346e-01
6.077256443605574265e-01
6.113919870112325405e-01
6.150583296619074325e-01
6.187246723125824355e-01
6.223910149632574385e-01
6.260573576139323304e-01
6.297237002646074444e-01
6.333900429152823364e-01
6.370563855659573393e-01
6.407227282166323423e-01
6.443890708673073453e-01
6.480554135179823483e-01
6.517217561686572402e-01
6.553880988193323542e-01
6.590544414700072462e-01
6.627207841206822492e-01
6.663871267713572522e-01
6.700534694220321441e-01
6.737198120727072581e-01
6.773861547233821501e-01
6.810524973740571530e-01
6.847188400247321560e-01
7.811098349930688522e-01
7.805014592717003374e-01
7.798786932864927302e-01
7.792415915260233472e-01
7.785902089180076757e-01
7.779245991160457230e-01
7.772448085055416733e-01
7.765508805432496109e-01
7.758428533992013376e-01
7.751207627375001907e-01
7.743846383781718412e-01
7.736345074499129115e-01
7.728703913417619420e-01
7.720923087236716276e-01
7.713002724371993413e-01
7.704942925107940432e-01
7.696743730885103885e-01
7.688405154040037770e-01
7.679927147214631322e-01
7.671309632739100604e-01
7.662552472253374436e-01
7.653655495676466858e-01
7.644618471039060781e-01
7.635441133001431568e-01
7.626123152929121796e-01
7.616664166903636124e-01
7.607063746074437249e-01
7.597321424094991560e-01
7.587436667801663592e-01
7.577408903987757904e-01
7.567237490472460415e-01
7.556921742104167894e-01
7.546460902302035700e-01
7.535854168153323096e-01
7.525100662533943385e-01
7.514199458132050369e-01
7.503149550281610347e-01
7.491949879705884774e-01
7.480599306231441314e-01
7.469096629998862591e-01
7.457440566264607051e-01
7.445629764770946846e-01
7.433662785890777780e-01
7.421538117782501276e-01
7.409254154189967023e-01
7.396809208928468715e-01
7.384201495720306152e-01
7.371429139462403191e-01
7.358490158559959360e-01
7.345382472310664213e-01
7.332103886297671735e-01
7.318652095085387277e-01
7.305024671352240428e-01
7.291219062922662530e-01
7.277232586464841280e-01
7.263062417674978066e-01
7.248705590541699717e-01
7.234158979242283349e-01
7.219419304191360132e-01
7.204483103891661244e-01
7.189346749250777879e-01
7.174006403234159945e-01
7.158458045263134117e-01
7.142697416023188195e-01
7.126720054167053897e-01
7.110521223006800451e-01
7.094095962260922317e-01
7.077438992564205611e-01
7.060544785648614763e-01
7.043407441585277651e-01
7.026020781618096400e-01
7.008378191731817752e-01
6.990472743421063395e-01
6.972296995450725232e-01
6.953843149225092946e-01
6.935102798323335982e-01
6.916067126930133258e-01
6.896726593664532778e-01
6.877071183955040246e-01
6.857090010553689163e-01
6.836771633819223037e-01
6.816103555504069433e-01
6.795072625673153066e-01
6.773664398725688374e-01
6.751863650106140202e-01
6.729653550693647235e-01
6.707016330351766031e-01
6.683932215928881648e-01
6.660380270560450899e-01
6.636336993795145522e-01
6.611777454689454769e-01
6.586673500861055519e-01
6.560995070493974568e-01
6.534707565689189535e-01
6.507774194231671361e-01
6.480153247157675045e-01
6.451799060496238303e-01
6.422654854061349283e-01
6.392661879939547376e-01
6.361762023827061130e-01
7.811098091627303175e-01
7.802715700347727656e-01
7.794802662544451088e-01
7.787348115242365143e-01
7.780341292282587640e-01
7.773771624074834463e-01
7.767629102193316371e-01
7.761903999327004477e-01
7.756586985442986970e-01
7.751668963386129096e-01
7.747141240086303782e-01
7.742995348658345822e-01
7.739223189931614399e-01
7.735816874310302849e-01
7.732768857047133126e-01
7.730071791094991207e-01
7.727718649858460465e-01
7.725702592882632835e-01
7.724017078103786460e-01
7.722655739420776211e-01
7.721612488320617196e-01
7.720881402996603304e-01
7.720456819908830814e-01
7.720333233885241508e-01
7.720505380057096634e-01
7.720968144387915233e-01
7.721716636503923592e-01
7.722746110063770653e-01
7.724052027009448151e-01
7.725629987184799985e-01
7.727475784542183757e-01
7.729585345420213471e-01
7.731954777236615950e-01
7.734580314848114035e-01
7.737458362248219590e-01
7.740585446451824225e-01
7.743958252697898947e-01
7.747573585326897883e-01
7.751428396964796796e-01
7.755519755891456812e-01
7.759844869654778376e-01
7.764401058461793959e-01
7.769185773641130721e-01
7.774196576624909927e-01
7.779431152644742387e-01
7.784887294910972644e-01
7.790562913892761232e-01
7.796456026341284096e-01
7.802564760468345684e-01
7.808887349501698605e-01
7.815422133039409136e-01
7.822167554868134642e-01
7.829122160732248092e-01
7.836284600189994398e-01
7.843653620997058651e-01
7.851228074820945091e-01
7.859006908398247226e-01
7.866989172974608868e-01
7.875174012353359787e-01
7.883560675977461241e-01
7.892148503943658966e-01
7.900936943694540915e-01
7.909925532026989003e-01
7.919113915417128613e-01
7.928501829003917756e-01
7.938089120628570861e-01
7.947875726722931633e-01
7.957861700208551659e-01
7.968047183164503888e-01
7.978432438800984183e-01
7.989017820721265872e-01
7.999803809262056031e-01
8.010790977098488641e-01
8.021980030330099209e-01
8.033371770104353882e-01
8.044967138925072092e-01
8.056767177889364584e-01
8.068773078808686439e-01
8.080986136554190180e-01
8.093407807704644519e-01
8.106039657402105414e-01
8.118883425396219433e-01
8.131940966690598405e-01
8.145214326038321406e-01
8.158705671509702828e-01
8.172417378710378211e-01
8.186351956131742158e-01
8.200512140462420385e-01
8.214900812986696277e-01
8.229521108366122384e-01
8.244376318844001128e-01
8.259470016463286157e-01
8.274805949807706451e-01
8.290388190872821639e-01
8.306220999005002881e-01
8.322308962275911659e-01
8.338656910183299686e-01
8.355270182253123901e-01
8.372154284101123167e-01
8.389314791193884790e-01
7.811101123357948595e-01
7.833103865877825145e-01
7.855106608397701695e-01
7.877109350917578245e-01
7.899112093437454796e-01
7.921114835957331346e-01
7.943117578477207896e-01
7.965120320997084447e-01
7.987123063516960997e-01
8.009125806036837547e-01
8.031128548556714097e-01
8.053131291076591758e-01
8.075134033596468308e-01
8.097136776116344858e-01
8.119139518636221409e-01
8.141142261156097959e-01
8.163145003675974509e-01
8.185147746195851060e-01
8.207150488715727610e-01
8.229153231235604160e-01
8.251155973755480710e-01
8.273158716275357261e-01
8.295161458795233811e-01
8.317164201315110361e-01
8.339166943834986911e-01
8.361169686354863462e-01
8.383172428874740012e-01
8.405175171394616562e-01
8.427177913914493113e-01
8.449180656434369663e-01
8.471183398954247323e-01
8.493186141474123874e-01
8.515188883994000424e-01
8.537191626513876974e-01
8.559194369033753524e-01
8.581197111553630075e-01
8.603199854073506625e-01
8.625202596593383175e-01
8.647205339113259726e-01
8.669208081633136276e-01
8.691210824153012826e-01
8.713213566672889376e-01
8.735216309192765927e-01
8.757219051712642477e-01
8.779221794232519027e-01
8.801224536752395577e-01
8.823227279272272128e-01
8.845230021792148678e-01
8.867232764312025228e-01
8.889235506831902889e-01
8.911238249351778329e-01
8.933240991871655989e-01
8.955243734391532540e-01
8.977246476911409090e-01
8.999249219431285640e-01
9.021251961951162190e-01
9.043254704471038741e-01
9.065257446990915291e-01
9.087260189510791841e-01
9.109262932030668392e-01
9.131265674550544942e-01
9.153268417070421492e-01
9.175271159590298042e-01
9.197273902110174593e-01
9.219276644630051143e-01
9.241279387149927693e-01
9.263282129669804243e-01
9.285284872189680794e-01
9.307287614709558454e-01
9.329290357229433894e-01
9.351293099749311555e-01
9.373295842269186995e-01
9.395298584789064655e-01
9.417301327308941206e-01
9.439304069828817756e-01
9.461306812348694306e-01
9.483309554868570856e-01
9.505312297388447407e-01
9.527315039908323957e-01
9.549317782428200507e-01
9.571320524948077058e-01
9.593323267467953608e-01
9.615326009987830158e-01
9.637328752507706708e-01
9.659331495027583259e-01
9.681334237547459809e-01
9.703336980067336359e-01
9.725339722587214020e-01
9.747342465107089460e-01
9.769345207626967120e-01
9.791347950146842560e-01
9.813350692666720221e-01
9.835353435186596771e-01
9.857356177706473321e-01
9.879358920226349872e-01
9.901361662746226422e-01
9.923364405266102972e-01
9.945367147785979522e-01
9.967369890305856073e-01
9.989372632825732623e-01
5.235990325995506511e-01
5.262001498156874124e-01
5.288012670318241737e-01
5.314023842479609350e-01
5.340035014640976962e-01
5.366046186802343465e-01
5.392057358963711078e-01
5.418068531125078691e-01
5.444079703286446303e-01
5.470090875447813916e-01
5.496102047609181529e-01
5.522113219770549142e-01
5.548124391931916755e-01
5.574135564093284367e-01
5.600146736254651980e-01
5.626157908416018483e-01
5.652169080577386095e-01
5.678180252738753708e-01
5.704191424900121321e-01
5.730202597061488934e-01
5.756213769222856547e-01
5.782224941384224159e-01
5.808236113545591772e-01
5.834247285706959385e-01
5.860258457868325888e-01
5.886269630029693500e-01
5.912280802191061113e-01
5.938291974352428726e-01
5.964303146513796339e-01
5.990314318675163952e-01
6.016325490836531564e-01
6.042336662997899177e-01
6.068347835159266790e-01
6.094359007320633292e-01
6.120370179482000905e-01
6.146381351643368518e-01
6.172392523804736131e-01
6.198403695966103744e-01
6.224414868127471356e-01
6.250426040288838969e-01
6.276437212450206582e-01
6.302448384611574195e-01
6.328459556772940697e-01
6.354470728934308310e-01
6.380481901095675923e-01
6.406493073257043536e-01
6.432504245418411148e-01
6.458515417579778761e-01
6.484526589741146374e-01
6.510537761902513987e-01
6.536548934063881600e-01
6.562560106225248102e-01
6.588571278386615715e-01
6.614582450547983328e-01
6.640593622709350941e-01
6.666604794870718553e-01
6.692615967032086166e-01
6.718627139193453779e-01
6.744638311354821392e-01
6.770649483516189004e-01
6.796660655677555507e-01
6.822671827838923120e-01
6.848683000000290733e-01
6.874694172161658345e-01
6.900705344323025958e-01
6.926716516484393571e-01
6.952727688645761184e-01
6.978738860807128797e-01
7.004750032968496409e-01
7.030761205129862912e-01
7.056772377291230525e-01
7.082783549452598137e-01
7.108794721613965750e-01
7.134805893775333363e-01
7.160817065936700976e-01
7.186828238098068589e-01
7.212839410259436201e-01
7.238850582420803814e-01
7.264861754582170317e-01
7.290872926743537930e-01
7.316884098904905542e-01
7.342895271066273155e-01
7.368906443227640768e-01
7.394917615389008381e-01
7.420928787550375993e-01
7.446939959711743606e-01
7.472951131873111219e-01
7.498962304034477722e-01
7.524973476195846445e-01
7.550984648357212947e-01
7.576995820518580560e-01
7.603006992679948173e-01
7.629018164841315786e-01
7.655029337002683398e-01
7.681040509164051011e-01
7.707051681325418624e-01
7.733062853486785126e-01
7.759074025648153849e-01
7.785085197809520352e-01
7.811096369970887965e-01
8.389315986782928114e-01
8.384085365729679884e-01
8.378747462374457333e-01
8.373302129736884813e-01
8.367749224841670719e-01
8.362088597632100218e-01
8.356320052013940236e-01
8.350443373960647619e-01
8.344458315457513597e-01
8.338364612844432200e-01
8.332161963399763449e-01
8.325850046915262981e-01
8.319428503463454083e-01
8.312896954806905381e-01
8.306254980988062586e-01
8.299502142416801398e-01
8.292637955953596762e-01
8.285661917417616040e-01
8.278573476997398428e-01
8.271372062196904462e-01
8.264057052647203472e-01
8.256627803425494738e-01
8.249083619282564506e-01
8.241423778276685264e-01
8.233647505455000681e-01
8.225753996728373263e-01
8.217742392059893541e-01
8.209611799485371231e-01
8.201361267869452520e-01
8.192989810957237440e-01
8.184496379777691510e-01
8.175879886585550871e-01
8.167139177013446050e-01
8.158273053730765723e-01
8.149280248470890387e-01
8.140159445194893317e-01
8.130909252151544697e-01
8.121528224286234110e-01
8.112014835529545165e-01
8.102367500133961231e-01
8.092584545433284537e-01
8.082664231719015602e-01
8.072604725769669809e-01
8.062404118792183549e-01
8.052060401089702335e-01
8.041571477486961772e-01
8.030935143590534064e-01
8.020149097985720399e-01
8.009210920648507370e-01
7.998118081038585458e-01
7.986867919352549361e-01
7.975457649434483098e-01
7.963884343721857606e-01
7.952144929640628801e-01
7.940236179297383012e-01
7.928154697704874465e-01
7.915896918527920434e-01
7.903459082077687325e-01
7.890837238739716319e-01
7.878027214153932034e-01
7.865024622361115325e-01
7.851824814913607176e-01
7.838422906299207238e-01
7.824813702853423703e-01
7.810991743694493117e-01
7.796951204160225135e-01
7.782685956366637292e-01
7.768189440369327459e-01
7.753454749612961328e-01
7.738474460972609714e-01
7.723240751895844580e-01
7.707745177700369155e-01
7.691978829267268614e-01
7.675932042138235989e-01
7.659594606429044328e-01
7.642955386910530446e-01
7.626002600631565098e-01
7.608723319499941518e-01
7.591103836640318292e-01
7.573129011986772241e-01
7.554782755572160280e-01
7.536047159766645631e-01
7.516903140630348812e-01
7.497329276909068252e-01
7.477302660433503556e-01
7.456797316543762877e-01
7.435785363064796316e-01
7.414234847488009317e-01
7.392111267139379605e-01
7.369374457379529453e-01
7.345980894101661329e-01
7.321879446112681267e-01
7.297013878632844230e-01
7.271315518550229839e-01
7.244709504641463349e-01
7.217107185585984741e-01
7.188405793414317513e-01
7.158460970758535602e-01
7.127120716927869415e-01
7.094235070377594710e-01
6.361760947335779459e-01
6.382241285966244737e-01
6.402721624596708905e-01
6.423201963227174183e-01
6.443682301857639461e-01
6.464162640488103628e-01
6.484642979118568906e-01
6.505123317749034184e-01
6.525603656379499462e-01
6.546083995009963630e-01
6.566564333640428908e-01
6.587044672270894186e-01
6.607525010901358353e-01
6.628005349531823631e-01
6.648485688162288909e-01
6.668966026792753077e-01
6.689446365423218355e-01
6.709926704053683633e-01
6.730407042684147800e-01
6.750887381314613078e-01
6.771367719945078356e-01
6.791848058575543634e-01
6.812328397206007802e-01
6.832808735836473080e-01
6.853289074466938358e-01
6.873769413097402525e-01
6.894249751727867803e-01
6.914730090358333081e-01
6.935210428988798359e-01
6.955690767619262527e-01
6.976171106249727805e-01
6.996651444880193083e-01
7.017131783510657250e-01
7.037612122141122528e-01
7.058092460771587806e-01
7.078572799402051974e-01
7.099053138032517252e-01
7.119533476662982530e-01
7.140013815293446697e-01
7.160494153923911975e-01
7.180974492554377253e-01
7.201454831184841421e-01
7.221935169815306699e-01
7.242415508445771977e-01
7.262895847076237255e-01
7.283376185706701422e-01
7.303856524337166700e-01
7.324336862967631978e-01
7.344817201598096146e-01
7.365297540228561424e-01
7.385777878859026702e-01
7.406258217489491980e-01
7.426738556119956147e-01
7.447218894750421425e-01
7.467699233380886703e-01
7.488179572011350871e-01
7.508659910641816149e-01
7.529140249272281427e-01
7.549620587902745594e-01
7.570100926533210872e-01
7.590581265163676150e-01
7.611061603794140318e-01
7.631541942424605596e-01
7.652022281055070874e-01
7.672502619685535041e-01
7.692982958316000319e-01
7.713463296946465597e-01
7.733943635576929765e-01
7.754423974207395043e-01
7.774904312837860321e-01
7.795384651468325599e-01
7.815864990098789766e-01
7.836345328729255044e-01
7.856825667359720322e-01
7.877306005990185600e-01
7.897786344620649768e-01
7.918266683251115046e-01
7.938747021881580324e-01
7.959227360512044491e-01
7.979707699142509769e-01
8.000188037772975047e-01
8.020668376403439215e-01
8.041148715033904493e-01
8.061629053664369771e-01
8.082109392294833938e-01
8.102589730925299216e-01
8.123070069555764494e-01
8.143550408186228662e-01
8.164030746816693940e-01
8.184511085447159218e-01
8.204991424077623385e-01
8.225471762708088663e-01
8.245952101338553941e-01
8.266432439969019219e-01
8.286912778599483387e-01
8.307393117229948665e-01
8.327873455860413943e-01
8.348353794490879221e-01
8.368834133121343388e-01
8.389314471751808666e-01
3.217507958965586945e-01
3.240644259545136796e-01
3.261447949434100879e-01
3.280119745661712050e-01
3.296861314092497386e-01
3.311865058128735106e-01
3.325278434325458776e-01
3.337232654736321247e-01
3.347840723077919467e-01
3.357207155150087607e-01
3.365420161650563013e-01
3.372560860537038296e-01
3.378699464513171824e-01
3.383901128266835756e-01
3.388222651490191417e-01
3.391716870507520687e-01
3.394430360841694805e-01
3.396406613542281017e-01
3.397684277725656621e-01
3.398299534448207537e-01
3.398284783452322211e-01
3.397670425595882837e-01
3.396483864995071267e-01
3.394750862120779478e-01
3.392494775605743862e-01
3.389737595976474727e-01
3.386499368228401141e-01
3.382798985591317642e-01
3.378653750237635700e-01
3.374079984696115031e-01
3.369092698855099544e-01
3.363706061485139953e-01
3.357933149567499109e-01
3.351786311606611002e-01
3.345276981067673572e-01
3.338415955376279332e-01
3.331213259506760616e-01
3.323678358869250338e-01
3.315820062277131108e-01
3.307646682699516005e-01
3.299165971245604512e-01
3.290385236595347873e-01
3.281311303477754127e-01
3.271950599194260456e-01
3.262309131484819047e-01
3.252392548723105903e-01
3.242206133165067561e-01
3.231754839977040716e-01
3.221043302724009849e-01
3.210075855285916546e-01
3.198856547124553362e-01
3.187389151273022359e-01
3.175677187463649687e-01
3.163723918684076541e-01
3.151532380685884149e-01
3.139105369045877558e-01
3.126445473930672958e-01
3.113555059151426052e-01
3.100436301352242352e-01
3.087091162176589521e-01
3.073521431291370565e-01
3.059728692474810163e-01
3.045714370094971257e-01
3.031479689667246347e-01
3.017025727584944916e-01
3.002353366468089590e-01
2.987463348101855876e-01
2.972356223697721345e-01
2.957032410139299183e-01
2.941492135094329607e-01
2.925735496800210833e-01
2.909762403793536567e-01
2.893572638594865687e-01
2.877165791654850979e-01
2.860541329431124935e-01
2.843698521985678074e-01
2.826636516073937622e-01
2.809354255656640320e-01
2.791850560755855248e-01
2.774124039961277099e-01
2.756173175953394172e-01
2.737996228881822702e-01
2.719591329635422383e-01
2.700956372764874991e-01
2.682089118693134489e-01
2.662987074540807964e-01
2.643647606912426506e-01
2.624067808938700397e-01
2.604244624646404049e-01
2.584174699234610406e-01
2.563854519409699551e-01
2.543280247248315695e-01
2.522447870011579329e-01
2.501353002982700247e-01
2.479991082857221363e-01
2.458357180372890416e-01
2.436446127348515511e-01
2.414252163486345082e-01
2.391769405826219552e-01
2.368991981789814461e-01
3.217507331509371626e-01
3.235541576532258712e-01
3.253581950759351082e-01
3.271629254597954728e-01
3.289684290511223907e-01
3.307747873082581003e-01
3.325820864413259192e-01
3.343904146331349025e-01
3.361998625205221414e-01
3.380105220700501123e-01
3.398224876344971834e-01
3.416358548141132934e-01
3.434507211315193098e-01
3.452671851950083193e-01
3.470853473285183122e-01
3.489053088678517600e-01
3.507271727048634768e-01
3.525510426954133192e-01
3.543770241685468281e-01
3.562052234036749976e-01
3.580357481197422587e-01
3.598687069974256802e-01
3.617042101651422037e-01
3.635423687472538190e-01
3.653832953568968978e-01
3.672271036575684433e-01
3.690739088695705883e-01
3.709238273368483663e-01
3.727769770506029201e-01
3.746334772170349381e-01
3.764934487991769552e-01
3.783570140842868468e-01
3.802242972427735124e-01
3.820954238966283723e-01
3.839705216924248488e-01
3.858497198744874068e-01
3.877331498672411114e-01
3.896209448589070812e-01
3.915132403868796795e-01
3.934101739397156128e-01
3.953118855376663299e-01
3.972185173626474608e-01
3.991302143245173406e-01
4.010471237306548198e-01
4.029693958269691678e-01
4.048971835207534897e-01
4.068306428837050737e-01
4.087699329438986284e-01
4.107152161362499498e-01
4.126666581818330681e-01
4.146244284691713577e-01
4.165887000417879960e-01
4.185596498914088137e-01
4.205374590776344568e-01
4.225223129115418530e-01
4.245144012347885076e-01
4.265139184691224550e-01
4.285210640861690234e-01
4.305360424949464804e-01
4.325590637381358516e-01
4.345903431857479626e-01
4.366301024989773238e-01
4.386785690935898208e-01
4.407359774186611068e-01
4.428025681479091369e-01
4.448785898278868611e-01
4.469642977492528368e-01
4.490599560275705948e-01
4.511658360991754879e-01
4.532822193079015793e-01
4.554093949615845016e-01
4.575476635101072831e-01
4.596973340884027426e-01
4.618587283856417924e-01
4.640321775885019595e-01
4.662180270586420705e-01
4.684166325756666804e-01
4.706283659609342696e-01
4.728536105023015690e-01
4.750927676874895922e-01
4.773462516727131622e-01
4.796144973201962314e-01
4.818979535455676366e-01
4.841970928898433058e-01
4.865124035590151497e-01
4.888444008157559750e-01
4.911936174565678659e-01
4.935606173338509262e-01
4.959459840848770562e-01
4.983503372955289112e-01
5.007743188284359270e-01
5.032186117309497275e-01
5.056839249292227612e-01
5.081710170477129473e-01
5.106806747801535540e-01
5.132137363822398823e-01
5.157710782832866103e-01
5.183536624232353285e-01
5.209624758331545813e-01
5.235985136264716955e-01
3.217505546392606130e-07
3.250320852960206057e-03
6.500319955365772666e-03
9.750319057771338407e-03
1.300031816017690502e-02
1.625031726258247336e-02
1.950031636498803997e-02
2.275031546739360658e-02
2.600031456979917319e-02
2.925031367220473980e-02
3.250031277461030293e-02
3.575031187701586954e-02
3.900031097942143615e-02
4.225031008182700276e-02
4.550030918423256937e-02
4.875030828663813598e-02
5.200030738904370259e-02
5.525030649144926920e-02
5.850030559385483581e-02
6.175030469626040242e-02
6.500030379866597596e-02
6.825030290107153563e-02
7.150030200347710918e-02
7.475030110588268273e-02
7.800030020828824240e-02
8.125029931069380207e-02
8.450029841309937562e-02
8.775029751550494916e-02
9.100029661791050883e-02
9.425029572031606850e-02
9.750029482272164205e-02
1.007502939251272156e-01
1.040002930275327753e-01
1.072502921299383349e-01
1.105002912323439085e-01
1.137502903347494820e-01
1.170002894371550417e-01
1.202502885395606014e-01
1.235002876419661749e-01
1.267502867443717485e-01
1.300002858467773081e-01
1.332502849491828678e-01
1.365002840515884275e-01
1.397502831539940149e-01
1.430002822563995746e-01
1.462502813588051342e-01
1.495002804612107217e-01
1.527502795636162813e-01
1.560002786660218410e-01
1.592502777684274007e-01
1.625002768708329604e-01
1.657502759732385478e-01
1.690002750756441074e-01
1.722502741780496671e-01
1.755002732804552545e-01
1.787502723828608142e-01
1.820002714852663739e-01
1.852502705876719336e-01
1.885002696900774932e-01
1.917502687924830806e-01
1.950002678948886403e-01
1.982502669972942000e-01
2.015002660996997874e-01
2.047502652021053471e-01
2.080002643045109068e-01
2.112502634069164664e-01
2.145002625093220261e-01
2.177502616117276135e-01
2.210002607141331732e-01
2.242502598165387329e-01
2.275002589189443203e-01
2.307502580213498800e-01
2.340002571237554396e-01
2.372502562261609993e-01
2.405002553285665590e-01
2.437502544309721464e-01
2.470002535333777061e-01
2.502502526357832657e-01
2.535002517381888532e-01
2.567502508405943851e-01
2.600002499429999725e-01
2.632502490454055599e-01
2.665002481478110918e-01
2.697502472502166793e-01
2.730002463526222112e-01
2.762502454550277986e-01
2.795002445574333860e-01
2.827502436598389179e-01
2.860002427622445054e-01
2.892502418646500928e-01
2.925002409670556247e-01
2.957502400694612121e-01
2.990002391718667996e-01
3.022502382742723315e-01
3.055002373766779189e-01
3.087502364790834508e-01
3.120002355814890382e-01
3.152502346838946257e-01
3.185002337863001576e-01
3.217502328887057450e-01
5.235987750848509759e-01
5.235827515014809252e-01
5.235351321381637169e-01
5.234564820573784916e-01
5.233473679059886807e-01
5.232083494400463497e-01
5.230399499543078035e-01
5.228426782094063308e-01
5.226170194306487549e-01
5.223634475508058816e-01
5.220824119473896907e-01
5.217743506102274775e-01
5.214396794472498931e-01
5.210788037441173026e-01
5.206921080391799794e-01
5.202799666685179458e-01
5.198427346705365437e-01
5.193807573168593983e-01
5.188943618292851667e-01
5.183838660194876047e-01
5.178495707944219539e-01
5.172917679634935206e-01
5.167107334605336444e-01
5.161067343864554902e-01
5.154800228948085428e-01
5.148308425286816092e-01
5.141594227172839870e-01
5.134659844614758439e-01
5.127507353943370205e-01
5.120138748642404369e-01
5.112555895164820896e-01
5.104760578177329755e-01
5.096754461202802622e-01
5.088539126666017376e-01
5.080116041021444095e-01
5.071486589937298506e-01
5.062652047612126172e-01
5.053613607383827810e-01
5.044372354982935569e-01
5.034929294802409361e-01
5.025285326880746251e-01
5.015441269016597259e-01
5.005397837321028387e-01
4.995155664307857069e-01
4.984715282902162925e-01
4.974077140581895096e-01
4.963241586779531533e-01
4.952208883092366065e-01
4.940979194066706937e-01
4.929552593432337537e-01
4.917929058314586266e-01
4.906108471381728786e-01
4.894090618590519193e-01
4.881875187062581500e-01
4.869461766534703417e-01
4.856849842699988984e-01
4.844038802606693839e-01
4.831027923110413624e-01
4.817816380547189081e-01
4.804403233842101661e-01
4.790787438867840087e-01
4.776967825639138465e-01
4.762943117876559107e-01
4.748711903584024729e-01
4.734272660457753967e-01
4.719623718991290406e-01
4.704763294497653625e-01
4.689689441704342210e-01
4.674400094321576327e-01
4.658893009877381752e-01
4.643165817950938856e-01
4.627215953744433508e-01
4.611040716320918276e-01
4.594637189105517661e-01
4.578002309730769825e-01
4.561132775292484065e-01
4.544025125720153047e-01
4.526675631164626123e-01
4.509080391196482185e-01
4.491235201156346113e-01
4.473135669933350766e-01
4.454777061418245809e-01
4.436154434234430566e-01
4.417262453631954355e-01
4.398095557054373383e-01
4.378647730566387897e-01
4.358912705696525447e-01
4.338883693840347444e-01
4.318553618435377883e-01
4.297914796293775819e-01
4.276959219463198347e-01
4.255678180893617824e-01
4.234062590001232418e-01
4.212102495623699094e-01
4.189787536917293220e-01
4.167106472872211809e-01
4.144047459121110721e-01
4.120597071186300475e-01
4.096741585462826962e-01
4.072467342741067919e-01
5.235987750912158845e-01
5.236147966435643619e-01
5.236624167083445691e-01
5.237410588098930786e-01
5.238501480567706592e-01
5.239891173988059370e-01
5.241574299155088434e-01
5.243545622069375467e-01
5.245800117899455106e-01
5.248332872989580622e-01
5.251139191820302088e-01
5.254214490339672583e-01
5.257554385417735343e-01
5.261154599342763305e-01
5.265011045903463804e-01
5.269119740767517213e-01
5.273476880410300494e-01
5.278078759532620623e-01
5.282921844086423402e-01
5.288002695185878288e-01
5.293318036127007131e-01
5.298864682649618851e-01
5.304639604255447782e-01
5.310639860551314984e-01
5.316862657080484444e-01
5.323305287494352056e-01
5.329965184151272961e-01
5.336839865852228693e-01
5.343926983457473190e-01
5.351224272924207659e-01
5.358729596192701727e-01
5.366440899269213638e-01
5.374356248627287780e-01
5.382473794089499552e-01
5.390791800980043735e-01
5.399308617573260749e-01
5.408022703220288774e-01
5.416932600150536903e-01
5.426036957778319625e-01
5.435334508665277120e-01
5.444824089192857874e-01
5.454504619519187081e-01
5.464375120779912942e-01
5.474434698902075347e-01
5.484682558469518021e-01
5.495117990288915788e-01
5.505740382026449442e-01
5.516549209457832781e-01
5.527544043949926822e-01
5.538724547367612772e-01
5.550090476437369302e-01
5.561641681329698716e-01
5.573378106900900297e-01
5.585299795021260172e-01
5.597406882645721282e-01
5.609699608016083250e-01
5.622178305459976100e-01
5.634843415661141552e-01
5.647695477026654087e-01
5.660735140294237411e-01
5.673963156249605122e-01
5.687380395027216151e-01
5.700987829877656177e-01
5.714786561617820615e-01
5.728777798058897197e-01
5.742962884177027494e-01
5.757343276725072068e-01
5.771920580834329906e-01
5.786696519209223455e-01
5.801672976032413720e-01
5.816851960006017563e-01
5.832235656626351128e-01
5.847826384174545922e-01
5.863626655660578724e-01
5.879639126673471550e-01
5.895866668576895675e-01
5.912312306898629410e-01
5.928979307706004898e-01
5.945871104932137774e-01
5.962991402282431519e-01
5.980344087565152567e-01
5.997933353016047242e-01
6.015763594246327228e-01
6.033839552500088743e-01
6.052166195453005937e-01
6.070748885880845602e-01
6.089593240408677222e-01
6.108705329620994773e-01
6.128091511838149597e-01
6.147758673074813496e-01
6.167714025452157856e-01
6.187965389352858558e-01
6.208520968086912450e-01
6.229389707476036264e-01
6.250580972560724202e-01
6.272104904519129054e-01
6.293972226437256623e-01
6.316194979889320216e-01
6.338785591301602240e-01
6.361756609607719382e-01
2.368992580780597268e-01
2.397952098993785808e-01
2.426911617206974625e-01
2.455871135420163165e-01
2.484830653633351982e-01
2.513790171846540522e-01
2.542749690059729062e-01
2.571709208272918157e-01
2.600668726486106697e-01
2.629628244699295236e-01
2.658587762912483776e-01
2.687547281125672871e-01
2.716506799338861411e-01
2.745466317552049951e-01
2.774425835765238491e-01
2.803385353978427030e-01
2.832344872191616125e-01
2.861304390404804665e-01
2.890263908617993205e-01
2.919223426831182300e-01
2.948182945044370840e-01
2.977142463257559379e-01
3.006101981470747919e-01
3.035061499683936459e-01
3.064021017897124999e-01
3.092980536110314094e-01
3.121940054323502634e-01
3.150899572536691173e-01
3.179859090749880268e-01
3.208818608963068808e-01
3.237778127176257348e-01
3.266737645389445888e-01
3.295697163602634427e-01
3.324656681815823522e-01
3.353616200029012062e-01
3.382575718242200602e-01
3.411535236455389697e-01
3.440494754668578237e-01
3.469454272881766776e-01
3.498413791094955316e-01
3.527373309308143856e-01
3.556332827521332396e-01
3.585292345734521491e-01
3.614251863947710031e-01
3.643211382160899126e-01
3.672170900374087665e-01
3.701130418587276205e-01
3.730089936800464745e-01
3.759049455013653285e-01
3.788008973226841825e-01
3.816968491440030364e-01
3.845928009653219459e-01
3.874887527866407999e-01
3.903847046079597094e-01
3.932806564292785634e-01
3.961766082505974174e-01
3.990725600719162713e-01
4.019685118932351253e-01
4.048644637145539793e-01
4.077604155358728888e-01
4.106563673571917428e-01
4.135523191785106523e-01
4.164482709998295062e-01
4.193442228211483602e-01
4.222401746424672142e-01
4.251361264637860682e-01
4.280320782851049222e-01
4.309280301064237761e-01
4.338239819277426856e-01
4.367199337490615396e-01
4.396158855703804491e-01
4.425118373916993031e-01
4.454077892130181571e-01
4.483037410343370111e-01
4.511996928556558650e-01
4.540956446769747190e-01
4.569915964982936285e-01
4.598875483196124825e-01
4.627835001409313920e-01
4.656794519622502460e-01
4.685754037835690999e-01
4.714713556048879539e-01
4.743673074262068079e-01
4.772632592475256619e-01
4.801592110688445159e-01
4.830551628901634253e-01
4.859511147114822793e-01
4.888470665328011333e-01
4.917430183541200428e-01
4.946389701754388968e-01
4.975349219967577508e-01
5.004308738180766047e-01
5.033268256393954587e-01
5.062227774607144237e-01
5.091187292820331667e-01
5.120146811033521317e-01
5.149106329246708746e-01
5.178065847459898396e-01
5.207025365673086936e-01
5.235984883886275476e-01
6.361758652385735013e-01
6.358974147324875092e-01
6.356023139629980445e-01
6.352906583822122144e-01
6.349625439539469118e-01
6.346180655089468381e-01
6.342573109922404750e-01
6.338803656043476842e-01
6.334873095188463532e-01
6.330782205588639799e-01
6.326531710380438600e-01
6.322122307526321094e-01
6.317554641224275569e-01
6.312829330312486054e-01
6.307946939449035062e-01
6.302908007160177295e-01
6.297713017722618156e-01
6.292362428512180417e-01
6.286856642361836611e-01
6.281196034255777105e-01
6.275380924256022119e-01
6.269411603486245710e-01
6.263288307631840190e-01
6.257011242179950639e-01
6.250580556525154874e-01
6.243996368420173804e-01
6.237258738717217366e-01
6.230367694977669846e-01
6.223323206887919623e-01
6.216125208965432858e-01
6.208773576696491325e-01
6.201268148262953916e-01
6.193608701461204014e-01
6.185794974357424758e-01
6.177826643061542500e-01
6.169703341198777835e-01
6.161424638630219608e-01
6.152990059604201978e-01
6.144399062536550771e-01
6.135651056676351134e-01
6.126745383084605256e-01
6.117681329614336194e-01
6.108458113257048128e-01
6.099074893195932656e-01
6.089530754725412942e-01
6.079824720087444456e-01
6.069955734214019794e-01
6.059922672998184767e-01
6.049724331161480118e-01
6.039359427541288738e-01
6.028826595434213509e-01
6.018124384399715643e-01
6.007251253526735280e-01
5.996205569153377768e-01
5.984985601569635660e-01
5.973589517933298731e-01
5.962015383032395199e-01
5.950261146533374346e-01
5.938324648553898744e-01
5.926203600204512645e-01
5.913895594870998140e-01
5.901398080797355394e-01
5.888708379160431106e-01
5.875823647180652420e-01
5.862740904294774236e-01
5.849456983958550849e-01
5.835968569497040903e-01
5.822272132363613961e-01
5.808363979584667547e-01
5.794240175739949761e-01
5.779896604337313448e-01
5.765328870150771001e-01
5.750532377383896776e-01
5.735502208204459329e-01
5.720233221214424679e-01
5.704719901000033788e-01
5.688956481258329312e-01
5.672936758860924744e-01
5.656654247067679497e-01
5.640101945890059199e-01
5.623272532158819503e-01
5.606158075666857199e-01
5.588750274815301733e-01
5.571040105115955265e-01
5.553018110942352648e-01
5.534673968321499604e-01
5.515996848544368891e-01
5.496974873632505254e-01
5.477595564408839213e-01
5.457845150865421324e-01
5.437709149947419496e-01
5.417171513880189027e-01
5.396215294773388793e-01
5.374821473223732049e-01
5.352970024495724566e-01
5.330638725302289105e-01
5.307803711795885393e-01
5.284436678710711099e-01
5.260508490781297120e-01
5.235990209242415983e-01
6.361758611944637876e-01
6.358784938940630349e-01
6.356080250994160519e-01
6.353640828488305026e-01
6.351462970303478617e-01
6.349543026982094052e-01
6.347877519387291612e-01
6.346463049557470315e-01
6.345296339232451288e-01
6.344374177967351258e-01
6.343693480577662358e-01
6.343251229885547016e-01
6.343044525152061741e-01
6.343070530407540764e-01
6.343326521692073117e-01
6.343809838033884763e-01
6.344517925386566892e-01
6.345448290908355382e-01
6.346598544250501295e-01
6.347966354866914074e-01
6.349549490548094255e-01
6.351345777727516184e-01
6.353353137370996162e-01
6.355569548186921214e-01
6.357993079925103874e-01
6.360621859414862245e-01
6.363454101344805380e-01
6.366488077051664085e-01
6.369722142847844548e-01
6.373154711488687729e-01
6.376784278114232540e-01
6.380609394327656503e-01
6.384628691814062673e-01
6.388840858969710990e-01
6.393244662255807009e-01
6.397838925326623238e-01
6.402622548169669692e-01
6.407594488691061851e-01
6.412753779684983169e-01
6.418099512847051935e-01
6.423630853605564184e-01
6.429347027548171223e-01
6.435247333134911374e-01
6.441331130540581817e-01
6.447597852254727258e-01
6.454046994362040435e-01
6.460678125017056406e-01
6.467490878207970972e-01
6.474484960073685347e-01
6.481660145223084868e-01
6.489016280838680872e-01
6.496553285654301790e-01
6.504271151762485159e-01
6.512169946389340103e-01
6.520249811291636277e-01
6.528510967509002505e-01
6.536953712200519462e-01
6.545578426602690625e-01
6.554385570113420156e-01
6.563375691740487294e-01
6.572549421192135366e-01
6.581907484166572564e-01
6.591450690151940961e-01
6.601179951984885719e-01
6.611096269995770935e-01
6.621200756355766215e-01
6.631494615128354919e-01
6.641979172034068180e-01
6.652655849863293724e-01
6.663526204411591713e-01
6.674591894630349520e-01
6.685854725650659525e-01
6.697316612897189492e-01
6.708979633305872659e-01
6.720845982446580491e-01
6.732918035249341182e-01
6.745198295056997750e-01
6.757689465477030311e-01
6.770394390006947427e-01
6.783316136956435427e-01
6.796457928039901786e-01
6.809823238747847451e-01
6.823415713931203497e-01
6.837239286503450364e-01
6.851298077737846270e-01
6.865596537956001333e-01
6.880139328338382709e-01
6.894931487682660620e-01
6.909978293348756351e-01
6.925285460907559809e-01
6.940858975724568669e-01
6.956705327284804508e-01
6.972831321050777520e-01
6.989244376187317975e-01
7.005952256828131830e-01
7.022963367060519602e-01
7.040286588373955157e-01
7.057931885369435054e-01
7.075909536174308512e-01
7.094229916120886603e-01
4.072467207076373441e-01
4.095591342666351498e-01
4.118715478256329554e-01
4.141839613846307611e-01
4.164963749436285667e-01
4.188087885026263724e-01
4.211212020616241780e-01
4.234336156206219837e-01
4.257460291796197893e-01
4.280584427386175395e-01
4.303708562976153451e-01
4.326832698566131508e-01
4.349956834156109564e-01
4.373080969746087621e-01
4.396205105336065677e-01
4.419329240926043734e-01
4.442453376516021790e-01
4.465577512105999847e-01
4.488701647695977903e-01
4.511825783285955960e-01
4.534949918875934016e-01
4.558074054465912073e-01
4.581198190055890129e-01
4.604322325645867631e-01
4.627446461235845687e-01
4.650570596825823744e-01
4.673694732415801800e-01
4.696818868005779857e-01
4.719943003595757913e-01
4.743067139185735970e-01
4.766191274775714026e-01
4.789315410365692083e-01
4.812439545955670139e-01
4.835563681545648196e-01
4.858687817135626252e-01
4.881811952725604309e-01
4.904936088315582365e-01
4.928060223905560422e-01
4.951184359495538478e-01
4.974308495085516535e-01
4.997432630675494591e-01
5.020556766265472648e-01
5.043680901855450704e-01
5.066805037445428761e-01
5.089929173035406818e-01
5.113053308625384874e-01
5.136177444215361820e-01
5.159301579805339877e-01
5.182425715395317933e-01
5.205549850985295990e-01
5.228673986575274046e-01
5.251798122165252103e-01
5.274922257755230159e-01
5.298046393345208216e-01
5.321170528935186272e-01
5.344294664525164329e-01
5.367418800115142385e-01
5.390542935705120442e-01
5.413667071295098498e-01
5.436791206885076555e-01
5.459915342475054612e-01
5.483039478065032668e-01
5.506163613655010725e-01
5.529287749244988781e-01
5.552411884834966838e-01
5.575536020424944894e-01
5.598660156014922951e-01
5.621784291604901007e-01
5.644908427194879064e-01
5.668032562784857120e-01
5.691156698374835177e-01
5.714280833964813233e-01
5.737404969554791290e-01
5.760529105144769346e-01
5.783653240734747403e-01
5.806777376324725459e-01
5.829901511914703516e-01
5.853025647504681572e-01
5.876149783094659629e-01
5.899273918684637685e-01
5.922398054274615742e-01
5.945522189864593798e-01
5.968646325454571855e-01
5.991770461044549911e-01
6.014894596634527968e-01
6.038018732224504914e-01
6.061142867814482971e-01
6.084267003404461027e-01
6.107391138994439084e-01
6.130515274584417140e-01
6.153639410174395197e-01
6.176763545764373253e-01
6.199887681354351310e-01
6.223011816944329366e-01
6.246135952534307423e-01
6.269260088124285479e-01
6.292384223714263536e-01
6.315508359304241592e-01
6.338632494894219649e-01
6.361756630484197705e-01
7.094231433972245648e-01
7.091061693428051260e-01
7.087773856148505969e-01
7.084368045516937773e-01
7.080844388273563883e-01
7.077203004293454169e-01
7.073443970690961313e-01
7.069567347689534875e-01
7.065573164097475045e-01
7.061461434052652697e-01
7.057232136097926212e-01
7.052885232586270092e-01
7.048420650132537491e-01
7.043838298587696833e-01
7.039138050728707130e-01
7.034319761564087337e-01
7.029383247880648389e-01
7.024328307643414870e-01
7.019154699255488739e-01
7.013862161067049295e-01
7.008450390420085663e-01
7.002919063209408490e-01
6.997267812730170178e-01
6.991496249242726835e-01
6.985603938663393908e-01
6.979590422070960365e-01
6.973455194284668979e-01
6.967197723239184626e-01
6.960817428504958437e-01
6.954313700443468527e-01
6.947685878737072107e-01
6.940933271218530098e-01
6.934055132492458196e-01
6.927050682311569618e-01
6.919919084389759556e-01
6.912659464171646562e-01
6.905270887959453763e-01
6.897752379890953467e-01
6.890102901526522494e-01
6.882321367814302482e-01
6.874406627324479713e-01
6.866357476931851389e-01
6.858172642902702343e-01
6.849850793975076346e-01
6.841390523568909865e-01
6.832790360876245250e-01
6.824048754518607929e-01
6.815164081178182176e-01
6.806134631078427644e-01
6.796958613592033460e-01
6.787634145017430454e-01
6.778159250479875997e-01
6.768531854568737849e-01
6.758749778702348721e-01
6.748810735313598430e-01
6.738712319669576400e-01
6.728452008441582199e-01
6.718027144747841239e-01
6.707434942127946664e-01
6.696672461299054691e-01
6.685736620782980477e-01
6.674624163517611786e-01
6.663331675669750265e-01
6.651855540802676936e-01
6.640191968765976060e-01
6.628336934558630711e-01
6.616286219640215016e-01
6.604035331907868178e-01
6.591579562350848853e-01
6.578913881625169102e-01
6.566033015716341570e-01
6.552931313372456490e-01
6.539602845402296971e-01
6.526041235609205682e-01
6.512239789615412722e-01
6.498191279774385709e-01
6.483888111072048099e-01
6.469322047551794297e-01
6.454484425110927903e-01
6.439365802954432061e-01
6.423956236014348731e-01
6.408244829204126081e-01
6.392220086789627276e-01
6.375869339551630821e-01
6.359179192679822457e-01
6.342134782799662140e-01
6.324720359905551259e-01
6.306918319701840803e-01
6.288709946559207786e-01
6.270074117515117562e-01
6.250988324715543998e-01
6.231426994437336830e-01
6.211362668874658155e-01
6.190763474222883422e-01
6.169595336306128441e-01
6.147819339283263629e-01
6.125392498734236746e-01
6.102260475283159957e-01
6.078366776500411239e-01
6.053655376255470122e-01
5.235989611311214764e-01
5.254759715072544468e-01
5.273529818833874172e-01
5.292299922595202766e-01
5.311070026356532470e-01
5.329840130117862174e-01
5.348610233879191878e-01
5.367380337640520471e-01
5.386150441401850175e-01
5.404920545163179879e-01
5.423690648924509583e-01
5.442460752685838177e-01
5.461230856447167881e-01
5.480000960208497585e-01
5.498771063969827289e-01
5.517541167731155882e-01
5.536311271492485586e-01
5.555081375253815290e-01
5.573851479015144994e-01
5.592621582776473588e-01
5.611391686537803292e-01
5.630161790299132996e-01
5.648931894060462700e-01
5.667701997821791293e-01
5.686472101583120997e-01
5.705242205344450701e-01
5.724012309105780405e-01
5.742782412867108999e-01
5.761552516628438703e-01
5.780322620389768407e-01
5.799092724151098110e-01
5.817862827912427814e-01
5.836632931673756408e-01
5.855403035435086112e-01
5.874173139196415816e-01
5.892943242957744410e-01
5.911713346719074114e-01
5.930483450480403818e-01
5.949253554241733521e-01
5.968023658003063225e-01
5.986793761764391819e-01
6.005563865525721523e-01
6.024333969287051227e-01
6.043104073048380931e-01
6.061874176809709525e-01
6.080644280571039229e-01
6.099414384332368932e-01
6.118184488093698636e-01
6.136954591855027230e-01
6.155724695616356934e-01
6.174494799377686638e-01
6.193264903139016342e-01
6.212035006900344936e-01
6.230805110661674640e-01
6.249575214423004343e-01
6.268345318184334047e-01
6.287115421945663751e-01
6.305885525706992345e-01
6.324655629468322049e-01
6.343425733229651753e-01
6.362195836990980347e-01
6.380965940752310050e-01
6.399736044513639754e-01
6.418506148274969458e-01
6.437276252036299162e-01
6.456046355797627756e-01
6.474816459558957460e-01
6.493586563320287164e-01
6.512356667081615758e-01
6.531126770842945461e-01
6.549896874604275165e-01
6.568666978365604869e-01
6.587437082126934573e-01
6.606207185888263167e-01
6.624977289649592871e-01
6.643747393410922575e-01
6.662517497172251169e-01
6.681287600933580872e-01
6.700057704694910576e-01
6.718827808456240280e-01
6.737597912217569984e-01
6.756368015978899688e-01
6.775138119740228282e-01
6.793908223501557986e-01
6.812678327262887690e-01
6.831448431024216283e-01
6.850218534785545987e-01
6.868988638546875691e-01
6.887758742308205395e-01
6.906528846069535099e-01
6.925298949830863693e-01
6.944069053592193397e-01
6.962839157353523101e-01
6.981609261114851694e-01
7.000379364876181398e-01
7.019149468637511102e-01
7.037919572398840806e-01
7.056689676160170510e-01
7.075459779921499104e-01
7.094229883682828808e-01
1.440630967852745725e-07
1.459652485516313870e-03
2.927860222438518571e-03
4.404832001339151898e-03
5.890632665510970797e-03
7.385328532568484136e-03
8.888992169131264623e-03
1.040169896941850643e-02
1.192352912670120030e-02
1.345456539998768179e-02
1.499489595701171234e-02
1.654461177226491247e-02
1.810380932318538319e-02
1.967258802075922547e-02
2.125105304727910316e-02
2.283931271385994388e-02
2.443748136424692130e-02
2.604567668573452149e-02
2.766402270390250218e-02
2.929264704082705506e-02
3.093168399686578585e-02
3.258127176018719290e-02
3.424155557853878623e-02
3.591268492368574622e-02
3.759481675276898915e-02
3.928811263397816167e-02
4.099274209623096632e-02
4.270887972490822193e-02
4.443670859661055100e-02
4.617641735703077038e-02
4.792820373536355733e-02
4.969227162029640071e-02
5.146883464590078922e-02
5.325811328650208870e-02
5.506033850252101819e-02
5.687574888083503366e-02
5.870459432490390123e-02
6.054713327440504333e-02
6.240363641888837382e-02
6.427438403931305666e-02
6.615966971818047770e-02
6.805979785655325021e-02
6.997508734579044321e-02
7.190586932724996050e-02
7.385249078103084397e-02
7.581531261256624354e-02
7.779471310163006692e-02
7.979108642138620089e-02
8.180484587567618537e-02
8.383642298306662188e-02
8.588627041122084971e-02
8.795486179277944849e-02
9.004269424124158872e-02
9.215028910940714635e-02
9.427819394012908194e-02
9.642698443460404056e-02
9.859726565150711552e-02
1.007896755259043847e-01
1.030048850788029130e-01
1.052436039237822085e-01
1.075065791819815181e-01
1.097946035409955584e-01
1.121085124823869572e-01
1.144491956277964850e-01
1.168175917696465532e-01
1.192147044698534802e-01
1.216415942286888374e-01
1.240993996170774577e-01
1.265893257082751633e-01
1.291126724630548839e-01
1.316708182607344846e-01
1.342652578745358039e-01
1.368975795412456509e-01
1.395695157517792828e-01
1.422829117333364868e-01
1.450397935749496159e-01
1.478423252149108358e-01
1.506929003735345551e-01
1.535940839084986020e-01
1.565487369518012151e-01
1.595599370237273384e-01
1.626311506563737075e-01
1.657661231548875069e-01
1.689691198408746486e-01
1.722447755955064386e-01
1.755984418848074435e-01
1.790359680086120731e-01
1.825642016760335717e-01
1.861907063113028560e-01
1.899245535475120039e-01
1.937758092668778187e-01
1.977566541924377919e-01
2.018809998963900509e-01
2.061668843053319489e-01
2.106345229209550807e-01
2.153085450284627500e-01
2.202199616152466510e-01
2.254189025474783725e-01
2.309600166079139871e-01
2.368983640135285118e-01
2.368990976645100333e-01
2.381431022333018732e-01
2.393249680326023365e-01
2.404463153684692489e-01
2.415087685684353669e-01
2.425139320148816113e-01
2.434633061032697166e-01
2.443583496028571833e-01
2.452004541022493045e-01
2.459909789290079529e-01
2.467312137860683818e-01
2.474224160958161944e-01
2.480657812082499858e-01
2.486624746653510742e-01
2.492136043710631854e-01
2.497202499620096716e-01
2.501834382382057131e-01
2.506041693486111832e-01
2.509833948685512017e-01
2.513220411457674497e-01
2.516209899344641343e-01
2.518810990846725439e-01
2.521031855011411915e-01
2.522880433953911261e-01
2.524364293837734752e-01
2.525490785036493269e-01
2.526266912620881433e-01
2.526699476108010822e-01
2.526794957697843791e-01
2.526559643440965397e-01
2.525999527567285852e-01
2.525120416786903466e-01
2.523927849170237159e-01
2.522427183173343024e-01
2.520623529645090732e-01
2.518521827043440076e-01
2.516126785262502441e-01
2.513442948381791053e-01
2.510474649121716695e-01
2.507226060345367769e-01
2.503701159063778658e-01
2.499903767790645770e-01
2.495837527127816868e-01
2.491505927958181377e-01
2.486912291746799231e-01
2.482059794446348222e-01
2.476951453749957621e-01
2.471590145477153833e-01
2.465978597110807802e-01
2.460119397329325330e-01
2.454014995252428721e-01
2.447667703686994822e-01
2.441079703595081252e-01
2.434253041525827332e-01
2.427189638904632407e-01
2.419891284031263357e-01
2.412359645872133862e-01
2.404596260914372008e-01
2.396602551224368272e-01
2.388379806358155721e-01
2.379929205529685843e-01
2.371251794688463144e-01
2.362348512721192950e-01
2.353220163716973901e-01
2.343867447207162169e-01
2.334290925545244588e-01
2.324491058273060462e-01
2.314468164445259435e-01
2.304222461296695501e-01
2.293754021238287033e-01
2.283062815092055109e-01
2.272148663374319866e-01
2.261011284462803583e-01
2.249650239661818707e-01
2.238064986772913822e-01
2.226254818302536298e-01
2.214218921023562159e-01
2.201956306533901231e-01
2.189465877534568783e-01
2.176746349781650547e-01
2.163796325940033349e-01
2.150614207768051789e-01
2.137198278580247635e-01
2.123546604272400495e-01
2.109657125607492800e-01
2.095527546394009843e-01
2.081155437207301284e-01
2.066538108934451168e-01
2.051672728968113590e-01
2.036556176986798750e-01
2.021185178100474711e-01
2.005556141053904673e-01
1.989665301871351155e-01
1.973508529462237593e-01
1.957081514372978892e-01
1.940379582729557240e-01
1.923397819234303474e-01
1.906130711252398136e-01
1.888572619713969336e-01
1.870717912710611608e-01
2.368990594452795584e-01
2.377956218645695396e-01
2.387061326094599978e-01
2.396305214515357107e-01
2.405687183102543092e-01
2.415206549940069336e-01
2.424862713332069375e-01
2.434655107301517685e-01
2.444583224748594907e-01
2.454646589610784413e-01
2.464844789823595339e-01
2.475177446063653586e-01
2.485644241257534137e-01
2.496244891143970801e-01
2.506979174011898515e-01
2.517846901743353571e-01
2.528847948757343977e-01
2.539982223890803192e-01
2.551249698836939861e-01
2.562650380783815240e-01
2.574184340273550364e-01
2.585851684632634040e-01
2.597652585277644977e-01
2.609587251947683151e-01
2.621655959451567042e-01
2.633859022727609855e-01
2.646196823029851042e-01
2.658669783848303103e-01
2.671278396519228271e-01
2.684023197054253851e-01
2.696904791151246150e-01
2.709923831997424482e-01
2.723081044643162474e-01
2.736377204865363399e-01
2.749813162848877002e-01
2.763389823222596187e-01
2.777108167972074382e-01
2.790969237792352842e-01
2.804974154129866726e-01
2.819124102033814805e-01
2.833420351194539943e-01
2.847864240521004175e-01
2.862457198005576853e-01
2.877200727310124106e-01
2.892096426242462548e-01
2.907145975699757523e-01
2.922351156488137702e-01
2.937713841052011499e-01
2.953236008303500859e-01
2.968919738663226005e-01
2.984767226487816671e-01
3.000780779065509440e-01
3.016962826135032860e-01
3.033315923623253196e-01
3.049842759633022427e-01
3.066546163886855747e-01
3.083429109419812408e-01
3.100494728911243336e-01
3.117746311144947713e-01
3.135187325681760839e-01
3.152821412934413980e-01
3.170652418971919295e-01
3.188684377789749447e-01
3.206921558462300093e-01
3.225368437855444248e-01
3.244029762882282286e-01
3.262910511485259124e-01
3.282015973438779932e-01
3.301351696895968857e-01
3.320923592068262820e-01
3.340737859952125355e-01
3.360801124368407722e-01
3.381120338609419629e-01
3.401702952834975147e-01
3.422556793240481010e-01
3.443690273815982472e-01
3.465112241149786998e-01
3.486832242263879222e-01
3.508860326160064269e-01
3.531207383107032860e-01
3.553884891473595431e-01
3.576905349008309143e-01
3.600281949538199910e-01
3.624029133625211729e-01
3.648162175999540846e-01
3.672697894423978537e-01
3.697654117130890206e-01
3.723050598874461103e-01
3.748908344429162653e-01
3.775250821938259116e-01
3.802103043588597742e-01
3.829493127180387257e-01
3.857451232239020866e-01
3.886011860618794334e-01
3.915211925308667573e-01
3.945093161451076469e-01
3.975701395528493109e-01
4.007092872064434430e-01
4.039326484998265743e-01
4.072461588148530431e-01
2.368989713762589537e-07
2.393151015944237296e-03
4.786065132917098272e-03
7.178979249889958815e-03
9.571893366862819358e-03
1.196480748383568077e-02
1.435772160080854044e-02
1.675063571778140359e-02
1.914354983475426500e-02
2.153646395172712641e-02
2.392937806869998782e-02
2.632229218567284923e-02
2.871520630264570717e-02
3.110812041961856858e-02
3.350103453659142999e-02
3.589394865356429487e-02
3.828686277053715281e-02
4.067977688751001075e-02
4.307269100448287563e-02
4.546560512145573357e-02
4.785851923842859845e-02
5.025143335540145639e-02
5.264434747237432127e-02
5.503726158934717921e-02
5.743017570632003715e-02
5.982308982329290203e-02
6.221600394026575997e-02
6.460891805723861792e-02
6.700183217421147586e-02
6.939474629118433380e-02
7.178766040815720562e-02
7.418057452513006356e-02
7.657348864210292150e-02
7.896640275907577944e-02
8.135931687604863738e-02
8.375223099302150920e-02
8.614514510999436714e-02
8.853805922696722508e-02
9.093097334394008302e-02
9.332388746091295484e-02
9.571680157788581278e-02
9.810971569485867072e-02
1.005026298118315287e-01
1.028955439288043866e-01
1.052884580457772584e-01
1.076813721627501164e-01
1.100742862797229743e-01
1.124672003966958322e-01
1.148601145136686902e-01
1.172530286306415620e-01
1.196459427476144199e-01
1.220388568645872779e-01
1.244317709815601358e-01
1.268246850985330076e-01
1.292175992155058795e-01
1.316105133324787513e-01
1.340034274494515953e-01
1.363963415664244672e-01
1.387892556833973112e-01
1.411821698003701830e-01
1.435750839173430549e-01
1.459679980343158989e-01
1.483609121512887707e-01
1.507538262682616148e-01
1.531467403852344866e-01
1.555396545022073584e-01
1.579325686191802025e-01
1.603254827361530743e-01
1.627183968531259184e-01
1.651113109700987902e-01
1.675042250870716620e-01
1.698971392040445061e-01
1.722900533210173779e-01
1.746829674379902220e-01
1.770758815549630938e-01
1.794687956719359656e-01
1.818617097889088097e-01
1.842546239058816815e-01
1.866475380228545533e-01
1.890404521398273974e-01
1.914333662568002692e-01
1.938262803737731133e-01
1.962191944907459851e-01
1.986121086077188569e-01
2.010050227246917010e-01
2.033979368416645728e-01
2.057908509586374168e-01
2.081837650756102887e-01
2.105766791925831605e-01
2.129695933095560045e-01
2.153625074265288764e-01
2.177554215435017204e-01
2.201483356604745922e-01
2.225412497774474641e-01
2.249341638944203081e-01
2.273270780113931799e-01
2.297199921283660240e-01
2.321129062453388958e-01
2.345058203623117676e-01
2.368987344792846395e-01
4.072465268324014787e-01
4.075858874974690460e-01
4.078961012178807244e-01
4.081776074565913737e-01
4.084308469548937892e-01
4.086562559460629185e-01
4.088542459065759860e-01
4.090252185022829612e-01
4.091695591343513794e-01
4.092876454843327183e-01
4.093798381085869686e-01
4.094464896960050559e-01
4.094879373291877012e-01
4.095045106623975140e-01
4.094965245197376702e-01
4.094642865090755701e-01
4.094080902824792645e-01
4.093282225030487331e-01
4.092249566342723299e-01
4.090985593285954014e-01
4.089492847409489928e-01
4.087773803664730421e-01
4.085830818395748687e-01
4.083666182561882518e-01
4.081282074310400021e-01
4.078680607350791409e-01
4.075863787826691231e-01
4.072833558131761511e-01
4.069591757824230216e-01
4.066140163148793674e-01
4.062480451755207667e-01
4.058614238166164401e-01
4.054543042083326720e-01
4.050268320015124046e-01
4.045791436976167721e-01
4.041113694461773709e-01
4.036236305370757282e-01
4.031160418485076335e-01
4.025887096471361115e-01
4.020417336994061563e-01
4.014752053678110610e-01
4.008892093952062807e-01
4.002838222883124408e-01
3.996591137812713912e-01
3.990151455005940817e-01
3.983519721105466815e-01
3.976696402570732980e-01
3.969681893936272687e-01
3.962476510052146406e-01
3.955080491089416617e-01
3.947493997632737228e-01
3.939717112327819071e-01
3.931749837920566204e-01
3.923592095388201972e-01
3.915243725067576452e-01
3.906704481051940792e-01
3.897974035604984677e-01
3.889051969537845599e-01
3.879937780166237138e-01
3.870630867305456246e-01
3.861130545096981281e-01
3.851436023171019296e-01
3.841546422747752487e-01
3.831460752414832527e-01
3.821177928999895945e-01
3.810696747291543174e-01
3.800015906282406819e-01
3.789133972021561103e-01
3.778049409963346594e-01
3.766760539979192024e-01
3.755265575664465949e-01
3.743562570332554795e-01
3.731649464323207321e-01
3.719524020566817302e-01
3.707183881162552930e-01
3.694626490832538246e-01
3.681849164226266291e-01
3.668848995217588449e-01
3.655622936733756712e-01
3.642167693438983500e-01
3.628479816215327558e-01
3.614555575243297292e-01
3.600391071739503790e-01
3.585982087831330878e-01
3.571324218544867368e-01
3.556412693918263868e-01
3.541242535426485372e-01
3.525808345292814616e-01
3.510104490451800840e-01
3.494124850572414287e-01
3.477863040599667444e-01
3.461312115599713413e-01
3.444464819403015854e-01
3.427313209984292341e-01
3.409849012760200471e-01
3.392063251641340149e-01
3.373946466870481053e-01
3.355487953961150405e-01
3.336676759632253297e-01
3.317501964650498847e-01
4.072465222277372177e-01
4.075628011817897800e-01
4.078964145376751116e-01
4.082472401534609774e-01
4.086151562112382840e-01
4.090000427074050315e-01
4.094017867199488681e-01
4.098202785744011756e-01
4.102554138362420333e-01
4.107070909126129821e-01
4.111752139214921997e-01
4.116596899732054005e-01
4.121604317479493629e-01
4.126773549222583215e-01
4.132103807722128930e-01
4.137594336328819233e-01
4.143244434322078118e-01
4.149053432198391844e-01
4.155020716520951285e-01
4.161145705877477563e-01
4.167427875131122228e-01
4.173866732118817757e-01
4.180461841285580404e-01
4.187212801167989329e-01
4.194119267371423931e-01
4.201180930890293097e-01
4.208397540394595571e-01
4.215768881439626581e-01
4.223294798024611607e-01
4.230975172750020552e-01
4.238809947607823370e-01
4.246799105151874976e-01
4.254942688473246082e-01
4.263240783459469885e-01
4.271693537900075333e-01
4.280301144923863155e-01
4.289063861168704861e-01
4.297981991502997090e-01
4.307055906179608207e-01
4.316286026968757517e-01
4.325672843198392070e-01
4.335216899451547201e-01
4.344918810373739060e-01
4.354779250119253375e-01
4.364798965780225526e-01
4.374978768804187457e-01
4.385319546866000007e-01
4.395822257524933940e-01
4.406487938321152487e-01
4.417317702996387263e-01
4.428312749563513284e-01
4.439474359480007903e-01
4.450803903357817837e-01
4.462302843559912691e-01
4.473972737173416703e-01
4.485815242596931651e-01
4.497832119311865329e-01
4.510025239146089882e-01
4.522396582278326860e-01
4.534948254007384882e-01
4.547682476308425592e-01
4.560601611113305198e-01
4.573708146592654900e-01
4.587004728169555290e-01
4.600494138524732213e-01
4.614179337834210526e-01
4.628063436277295994e-01
4.642149745323098653e-01
4.656441741252038691e-01
4.670943129735070087e-01
4.685657798544496377e-01
4.700589898199037386e-01
4.715743781620317376e-01
4.731124104290881927e-01
4.746735748082515083e-01
4.762583945239300398e-01
4.778674182933159154e-01
4.795012356507978857e-01
4.811604650444374354e-01
4.828457727764025043e-01
4.845578582002643131e-01
4.862974771648674865e-01
4.880654236136156010e-01
4.898625586693802769e-01
4.916897877896920233e-01
4.935480970291925562e-01
4.954385244804165866e-01
4.973622055682764831e-01
4.993203377579446545e-01
5.013142381000977865e-01
5.033452975317829203e-01
5.054150522345641772e-01
5.075251310421695639e-01
5.096773538878612841e-01
5.118736465278592718e-01
5.141161416535365847e-01
5.164071359323716415e-01
5.187493267059479773e-01
5.211455165989592464e-01
5.235985302627155225e-01
1.870718324368777219e-01
1.892958166708825773e-01
1.915198009048874050e-01
1.937437851388922605e-01
1.959677693728971160e-01
1.981917536069019714e-01
2.004157378409067991e-01
2.026397220749116546e-01
2.048637063089165100e-01
2.070876905429213655e-01
2.093116747769261932e-01
2.115356590109310486e-01
2.137596432449359041e-01
2.159836274789407318e-01
2.182076117129455872e-01
2.204315959469504427e-01
2.226555801809552704e-01
2.248795644149601258e-01
2.271035486489649813e-01
2.293275328829698367e-01
2.315515171169746922e-01
2.337755013509795199e-01
2.359994855849843753e-01
2.382234698189892308e-01
2.404474540529940585e-01
2.426714382869989139e-01
2.448954225210037694e-01
2.471194067550085971e-01
2.493433909890134526e-01
2.515673752230183080e-01
2.537913594570231357e-01
2.560153436910280189e-01
2.582393279250328466e-01
2.604633121590376743e-01
2.626872963930425575e-01
2.649112806270473852e-01
2.671352648610522129e-01
2.693592490950570961e-01
2.715832333290619238e-01
2.738072175630668070e-01
2.760312017970716347e-01
2.782551860310764624e-01
2.804791702650812901e-01
2.827031544990861733e-01
2.849271387330910010e-01
2.871511229670958842e-01
2.893751072011007119e-01
2.915990914351055396e-01
2.938230756691104228e-01
2.960470599031152505e-01
2.982710441371201338e-01
3.004950283711249615e-01
3.027190126051297892e-01
3.049429968391346168e-01
3.071669810731395001e-01
3.093909653071443278e-01
3.116149495411492110e-01
3.138389337751540387e-01
3.160629180091588664e-01
3.182869022431636941e-01
3.205108864771685773e-01
3.227348707111734605e-01
3.249588549451782882e-01
3.271828391791831159e-01
3.294068234131879436e-01
3.316308076471928268e-01
3.338547918811976545e-01
3.360787761152025377e-01
3.383027603492073654e-01
3.405267445832121931e-01
3.427507288172170208e-01
3.449747130512219040e-01
3.471986972852267872e-01
3.494226815192316149e-01
3.516466657532364426e-01
3.538706499872412703e-01
3.560946342212461535e-01
3.583186184552509812e-01
3.605426026892558644e-01
3.627665869232606921e-01
3.649905711572655198e-01
3.672145553912703475e-01
3.694385396252752307e-01
3.716625238592801139e-01
3.738865080932849416e-01
3.761104923272897693e-01
3.783344765612945970e-01
3.805584607952994802e-01
3.827824450293043079e-01
3.850064292633091911e-01
3.872304134973140188e-01
3.894543977313188465e-01
3.916783819653236742e-01
3.939023661993285574e-01
3.961263504333334406e-01
3.983503346673382683e-01
4.005743189013430960e-01
4.027983031353479237e-01
4.050222873693527514e-01
4.072462716033576346e-01
5.235987753059325733e-01
5.235900964995233720e-01
5.235641611899035652e-01
5.235210949041791961e-01
5.234610236675651951e-01
5.233840721417768460e-01
5.232903571042472057e-01
5.231799922147898352e-01
5.230530857201545203e-01
5.229097433106343340e-01
5.227500647744826034e-01
5.225741471957370265e-01
5.223820820370638218e-01
5.221739580967879046e-01
5.219498586070141499e-01
5.217098641027306805e-01
5.214540496477854115e-01
5.211824875789818901e-01
5.208952448264139168e-01
5.205923855441615400e-01
5.202739685320760810e-01
5.199400497518010811e-01
5.195906798461500387e-01
5.192259065418738384e-01
5.188457722662569438e-01
5.184503164365981132e-01
5.180395731733350440e-01
5.176135734755975548e-01
5.171723430310987135e-01
5.167159042760799403e-01
5.162442743030001280e-01
5.157574668020251663e-01
5.152554900685969441e-01
5.147383488222230241e-01
5.142060423172351014e-01
5.136585660329946457e-01
5.130959098926053397e-01
5.125180598167321522e-01
5.119249960567401336e-01
5.113166946020828441e-01
5.106931256363315130e-01
5.100542547854689523e-01
5.094000417076127718e-01
5.087304411664982373e-01
5.080454017684037371e-01
5.073448668415276863e-01
5.066287733368211033e-01
5.058970524897673515e-01
5.051496289055361633e-01
5.043864209747495053e-01
5.036073401677435557e-01
5.028122911700875219e-01
5.020011714158634231e-01
5.011738709018277449e-01
5.003302719957067879e-01
4.994702488797090889e-01
4.985936676768700226e-01
4.977003854648600067e-01
4.967902507722888883e-01
4.958631020921230870e-01
4.949187688104847993e-01
4.939570691350270715e-01
4.929778115272208661e-01
4.919807919432049315e-01
4.909657958631651331e-01
4.899325947229624667e-01
4.888809486435451990e-01
4.878106019048588093e-01
4.867212865047798043e-01
4.856127164961618337e-01
4.844845925300976242e-01
4.833365948380727861e-01
4.821683889469994266e-01
4.809796170399600057e-01
4.797699050710975133e-01
4.785388521774501802e-01
4.772860394722064359e-01
4.760110171025558889e-01
4.747133150641578703e-01
4.733924274012014100e-01
4.720478254632048398e-01
4.706789386131901010e-01
4.692851704601269658e-01
4.678658752810463395e-01
4.664203778634766762e-01
4.649479445948214718e-01
4.634478078399331680e-01
4.619191304736147696e-01
4.603610355263391130e-01
4.587725620625124345e-01
4.571527026538215743e-01
4.555003497740232055e-01
4.538143386025651482e-01
4.520933752429552310e-01
4.503361026004670808e-01
4.485410279591407479e-01
4.467065598505585711e-01
4.448308455837756692e-01
4.429119813422593976e-01
4.409480719059079012e-01
5.235987753073744200e-01
5.236074539396834426e-01
5.236333897651401781e-01
5.236764553960541191e-01
5.237365239430321617e-01
5.238134703627898014e-01
5.239071762346415584e-01
5.240175262633166575e-01
5.241444100530988637e-01
5.242877199292915735e-01
5.244473534691248551e-01
5.246232110671683602e-01
5.248151981832516189e-01
5.250232230628192331e-01
5.252471989887014248e-01
5.254870420522603780e-01
5.257426733271387542e-01
5.260140167201632355e-01
5.263010010878554912e-01
5.266035581617917183e-01
5.269216246002735859e-01
5.272551399917817516e-01
5.276040488420716823e-01
5.279682986573378534e-01
5.283478418646847530e-01
5.287426339775390671e-01
5.291526354478266470e-01
5.295778099164818453e-01
5.300181259951514123e-01
5.304735556052848633e-01
5.309440756867765954e-01
5.314296666298647942e-01
5.319303139074927911e-01
5.324460066051774909e-01
5.329767389731213667e-01
5.335225090603378240e-01
5.340833201815979869e-01
5.346591796634689864e-01
5.352501002200331648e-01
5.358560988201347408e-01
5.364771979644143984e-01
5.371134246850153282e-01
5.377648117148311480e-01
5.384313966332425760e-01
5.391132229164894429e-01
5.398103392457794802e-01
5.405228004253415097e-01
5.412506668725427517e-01
5.419940053873751884e-01
5.427528888481353286e-01
5.435273968127584121e-01
5.443176154482847195e-01
5.451236379405086652e-01
5.459455646910246207e-01
5.467835035069120719e-01
5.476375701058366907e-01
5.485078880520002365e-01
5.493945896178015209e-01
5.502978154251733089e-01
5.512177157219158019e-01
5.521544496789451140e-01
5.531081871509977432e-01
5.540791075746097638e-01
5.550674022980014444e-01
5.560732730042639016e-01
5.570969347109716585e-01
5.581386136378035934e-01
5.591985509993694370e-01
5.602770002137146266e-01
5.613742316376304498e-01
5.624905289922281781e-01
5.636261952230333661e-01
5.647815479922444482e-01
5.659569268872499670e-01
5.671526877959469637e-01
5.683692117394522070e-01
5.696068979055648462e-01
5.708661744479911482e-01
5.721474899001999237e-01
5.734513263684739570e-01
5.747781889839783664e-01
5.761286220293649896e-01
5.775031959944427751e-01
5.789025273150881779e-01
5.803272625140961649e-01
5.817781024492091335e-01
5.832557827811508666e-01
5.847611037877951112e-01
5.862949065571815277e-01
5.878581101673258091e-01
5.894516814959377404e-01
5.910766805361135079e-01
5.927342258904922945e-01
5.944255555938479096e-01
5.961519735751491522e-01
5.979149114332115156e-01
5.997158992552769075e-01
6.015567038236750985e-01
6.034391547554101010e-01
6.053650954886979907e-01
3.317501966452444107e-01
3.336880591383020733e-01
3.356259216313597360e-01
3.375637841244173432e-01
3.395016466174750058e-01
3.414395091105326685e-01
3.433773716035903312e-01
3.453152340966479938e-01
3.472530965897056565e-01
3.491909590827632637e-01
3.511288215758209263e-01
3.530666840688785890e-01
3.550045465619362517e-01
3.569424090549939144e-01
3.588802715480515770e-01
3.608181340411091842e-01
3.627559965341668469e-01
3.646938590272245095e-01
3.666317215202821722e-01
3.685695840133398349e-01
3.705074465063974420e-01
3.724453089994551047e-01
3.743831714925127674e-01
3.763210339855704301e-01
3.782588964786280927e-01
3.801967589716857554e-01
3.821346214647434181e-01
3.840724839578010252e-01
3.860103464508586879e-01
3.879482089439163506e-01
3.898860714369740132e-01
3.918239339300316759e-01
3.937617964230892831e-01
3.956996589161469458e-01
3.976375214092046084e-01
3.995753839022622711e-01
4.015132463953199338e-01
4.034511088883775964e-01
4.053889713814352591e-01
4.073268338744928663e-01
4.092646963675505289e-01
4.112025588606081916e-01
4.131404213536658543e-01
4.150782838467235170e-01
4.170161463397811241e-01
4.189540088328387868e-01
4.208918713258964495e-01
4.228297338189541121e-01
4.247675963120117748e-01
4.267054588050693820e-01
4.286433212981271001e-01
4.305811837911847073e-01
4.325190462842423700e-01
4.344569087773000327e-01
4.363947712703576953e-01
4.383326337634153580e-01
4.402704962564729652e-01
4.422083587495306278e-01
4.441462212425882905e-01
4.460840837356459532e-01
4.480219462287036158e-01
4.499598087217612230e-01
4.518976712148188857e-01
4.538355337078765483e-01
4.557733962009342110e-01
4.577112586939918737e-01
4.596491211870494809e-01
4.615869836801071990e-01
4.635248461731648062e-01
4.654627086662224689e-01
4.674005711592801315e-01
4.693384336523377942e-01
4.712762961453954569e-01
4.732141586384530640e-01
4.751520211315107822e-01
4.770898836245683894e-01
4.790277461176260521e-01
4.809656086106837147e-01
4.829034711037413219e-01
4.848413335967990401e-01
4.867791960898566472e-01
4.887170585829143099e-01
4.906549210759719726e-01
4.925927835690295797e-01
4.945306460620872979e-01
4.964685085551449051e-01
4.984063710482025678e-01
5.003442335412602304e-01
5.022820960343179486e-01
5.042199585273755558e-01
5.061578210204331629e-01
5.080956835134908811e-01
5.100335460065484883e-01
5.119714084996060954e-01
5.139092709926638136e-01
5.158471334857214208e-01
5.177849959787791390e-01
5.197228584718367461e-01
5.216607209648944643e-01
5.235985834579520715e-01
6.053652755040518363e-01
6.052298345651492273e-01
6.050821218968579496e-01
6.049221737711680813e-01
6.047500267534466900e-01
6.045657166425619788e-01
6.043692747499948004e-01
6.041607306005797318e-01
6.039401105213275667e-01
6.037074393239565406e-01
6.034627382487435243e-01
6.032060268921665136e-01
6.029373213381123975e-01
6.026566360012159951e-01
6.023639817150585607e-01
6.020593675746176432e-01
6.017427990465972210e-01
6.014142797874643120e-01
6.010738097591759033e-01
6.007213870264099809e-01
6.003570058839661217e-01
5.999806586292735222e-01
5.995923337018312926e-01
5.991920174282696632e-01
5.987796921764241276e-01
5.983553380690231904e-01
5.979189311551446062e-01
5.974704450877845741e-01
5.970098493163656928e-01
5.965371107222925406e-01
5.960521918370970118e-01
5.955550524287557268e-01
5.950456477512134912e-01
5.945239300726355980e-01
5.939898469634213862e-01
5.934433427556646823e-01
5.928843568784062379e-01
5.923128252353176970e-01
5.917286785978843611e-01
5.911318438856416613e-01
5.905222426303021743e-01
5.898997921396773592e-01
5.892644040485041090e-01
5.886159853433936551e-01
5.879544370193889868e-01
5.872796549387424569e-01
5.865915286161026421e-01
5.858899418785044055e-01
5.851747718068435189e-01
5.844458891579139559e-01
5.837031574948672308e-01
5.829464333243856711e-01
5.821755654578368855e-01
5.813903948070124894e-01
5.805907540201927786e-01
5.797764668683539346e-01
5.789473482178326691e-01
5.781032029250736670e-01
5.772438262137038478e-01
5.763690019783250795e-01
5.754785036500258411e-01
5.745720917884006296e-01
5.736495155381831079e-01
5.727105093622915089e-01
5.717547952135445533e-01
5.707820782283075101e-01
5.697920497649912042e-01
5.687843818361772996e-01
5.677587311998854025e-01
5.667147322551174815e-01
5.656520024151706627e-01
5.645701331238285325e-01
5.634686967948809855e-01
5.623472355187352223e-01
5.612052699227059183e-01
5.600422850238785388e-01
5.588577414550796041e-01
5.576510577693144510e-01
5.564216245960910134e-01
5.551687825033654322e-01
5.538918397995543641e-01
5.525900447839975360e-01
5.512626081367798525e-01
5.499086680339037025e-01
5.485273182788727997e-01
5.471175641769322473e-01
5.456783581945122696e-01
5.442085440085019377e-01
5.427069011178587976e-01
5.411720724282454986e-01
5.396026232222214114e-01
5.379969499459252846e-01
5.363533484161850939e-01
5.346698840792133423e-01
5.329445076813131843e-01
5.311749215491521348e-01
5.293586335253731567e-01
5.274926246154320042e-01
5.255737727390928926e-01
5.235989732842050159e-01
4.409480403093449241e-01
4.426088189313375776e-01
4.442695975533302311e-01
4.459303761753228845e-01
4.475911547973155380e-01
4.492519334193081915e-01
4.509127120413008449e-01
4.525734906632934429e-01
4.542342692852860964e-01
4.558950479072787498e-01
4.575558265292714033e-01
4.592166051512640568e-01
4.608773837732567102e-01
4.625381623952493637e-01
4.641989410172420172e-01
4.658597196392346707e-01
4.675204982612273241e-01
4.691812768832199776e-01
4.708420555052126311e-01
4.725028341272052845e-01
4.741636127491979380e-01
4.758243913711905915e-01
4.774851699931832449e-01
4.791459486151758429e-01
4.808067272371684964e-01
4.824675058591611498e-01
4.841282844811538033e-01
4.857890631031464568e-01
4.874498417251391102e-01
4.891106203471317637e-01
4.907713989691244172e-01
4.924321775911170707e-01
4.940929562131097241e-01
4.957537348351023776e-01
4.974145134570950311e-01
4.990752920790876290e-01
5.007360707010802825e-01
5.023968493230729360e-01
5.040576279450655894e-01
5.057184065670582429e-01
5.073791851890508964e-01
5.090399638110435498e-01
5.107007424330362033e-01
5.123615210550288568e-01
5.140222996770215103e-01
5.156830782990141637e-01
5.173438569210068172e-01
5.190046355429994707e-01
5.206654141649921241e-01
5.223261927869847776e-01
5.239869714089774311e-01
5.256477500309700845e-01
5.273085286529627380e-01
5.289693072749553915e-01
5.306300858969480450e-01
5.322908645189406984e-01
5.339516431409332409e-01
5.356124217629258943e-01
5.372732003849185478e-01
5.389339790069112013e-01
5.405947576289038548e-01
5.422555362508965082e-01
5.439163148728891617e-01
5.455770934948818152e-01
5.472378721168744686e-01
5.488986507388671221e-01
5.505594293608597756e-01
5.522202079828524290e-01
5.538809866048450825e-01
5.555417652268377360e-01
5.572025438488303895e-01
5.588633224708230429e-01
5.605241010928156964e-01
5.621848797148083499e-01
5.638456583368010033e-01
5.655064369587936568e-01
5.671672155807863103e-01
5.688279942027789637e-01
5.704887728247716172e-01
5.721495514467642707e-01
5.738103300687569241e-01
5.754711086907495776e-01
5.771318873127422311e-01
5.787926659347348846e-01
5.804534445567275380e-01
5.821142231787201915e-01
5.837750018007128450e-01
5.854357804227054984e-01
5.870965590446981519e-01
5.887573376666906944e-01
5.904181162886833478e-01
5.920788949106760013e-01
5.937396735326686548e-01
5.954004521546613082e-01
5.970612307766539617e-01
5.987220093986466152e-01
6.003827880206392686e-01
6.020435666426319221e-01
6.037043452646245756e-01
6.053651238866172291e-01
9.335762718443176756e-08
9.476171713901864304e-04
1.904216136798499420e-03
2.869946268035011242e-03
3.844863630787645654e-03
4.829025461792585752e-03
5.822494105688390438e-03
6.825334178861897257e-03
7.837614143186198701e-03
8.859404518134460227e-03
9.890780284635638034e-03
1.093181872451390660e-02
1.198260172153545709e-02
1.304321359736162686e-02
1.411374357170690035e-02
1.519428350040076363e-02
1.628493042402195598e-02
1.738578423432196943e-02
1.849695033265761485e-02
1.961853722106347148e-02
2.075065926570004299e-02
2.189343421796455941e-02
2.304698608459157180e-02
2.421144258365213672e-02
2.538693812009039721e-02
2.657361118383788981e-02
2.777160742896186973e-02
2.898107702331342850e-02
3.020217782783821137e-02
3.143507271009738507e-02
3.267993281846996029e-02
3.393693487546096954e-02
3.520626453916219506e-02
3.648811369671970534e-02
3.778268390245927838e-02
3.909018369742849747e-02
4.041083210988344332e-02
4.174485603372200121e-02
4.309249377236466783e-02
4.445399251752470138e-02
4.582961191165912940e-02
4.721962167934325161e-02
4.862430517608812286e-02
5.004395723821040975e-02
5.147888767650322245e-02
5.292941942772257102e-02
5.439589193981126530e-02
5.587865973002509312e-02
5.737809559342287730e-02
5.889458970067501520e-02
6.042855254238874846e-02
6.198041473569759069e-02
6.355062959241974951e-02
6.513967385027882862e-02
6.674804972115166990e-02
6.837628682385421541e-02
7.002494352747931639e-02
7.169461044319910825e-02
7.338591082366942298e-02
7.509950607843664250e-02
7.683609491907562872e-02
7.859642150687090600e-02
8.038127293838749632e-02
8.219149083010683643e-02
8.402796661145225943e-02
8.589165762117960401e-02
8.778357950121210007e-02
8.970482825712362829e-02
9.165656880776983095e-02
9.364006499851329490e-02
9.565666302775416296e-02
9.770783217604021853e-02
9.979514136524145207e-02
1.019203145119282339e-01
1.040851977829569119e-01
1.062918351952009954e-01
1.085424232080483276e-01
1.108394148983423838e-01
1.131854568362091751e-01
1.155835342494276746e-01
1.180368837249249486e-01
1.205491994316858773e-01
1.231245087362952684e-01
1.257674689531878276e-01
1.284831983193535365e-01
1.312777246225234340e-01
1.341577157834467626e-01
1.371311420993210073e-01
1.402069781636502976e-01
1.433963830520994520e-01
1.467119083798343604e-01
1.501690650279347006e-01
1.537863899539142487e-01
1.575901404725114363e-01
1.616098807587305619e-01
1.658810145895082133e-01
1.704548281821306466e-01
1.754343620106401103e-01
1.809345489434312226e-01
1.870709852470708034e-01
1.870716766378317519e-01
1.877274300370132820e-01
1.883941776260706080e-01
1.890719311314037476e-01
1.897607023845430119e-01
1.904605042047203267e-01
1.911713535028622402e-01
1.918932691679295088e-01
1.926262737636473821e-01
1.933703917920222559e-01
1.941256517156086658e-01
1.948920840723811776e-01
1.956697234750796044e-01
1.964586067168055394e-01
1.972587748433148880e-01
1.980702712164668367e-01
1.988931436316152823e-01
1.997274423510373154e-01
2.005732222727280023e-01
2.014305409349626541e-01
2.022994607328000294e-01
2.031800468987105812e-01
2.040723697653866742e-01
2.049765027275546048e-01
2.058925245486254718e-01
2.068205173098909000e-01
2.077605687570455717e-01
2.087127702448835220e-01
2.096772191193855273e-01
2.106540166676237058e-01
2.116432705295349381e-01
2.126450926650222673e-01
2.136596017877766263e-01
2.146869213643985141e-01
2.157271820606231072e-01
2.167805197906816361e-01
2.178470781637217302e-01
2.189270066058182918e-01
2.200204627912294986e-01
2.211276108645948979e-01
2.222486238378038881e-01
2.233836819462115819e-01
2.245329749871374514e-01
2.256967008516815865e-01
2.268750677750050460e-01
2.280682930949019804e-01
2.292766053767729961e-01
2.305002434619707885e-01
2.317394584214056974e-01
2.329945129714557361e-01
2.342656831989929911e-01
2.355532584411259567e-01
2.368575427105242548e-01
2.381788551585011238e-01
2.395175311120627815e-01
2.408739232692631016e-01
2.422484022374032375e-01
2.436413586470684289e-01
2.450532030530170047e-01
2.464843692014076215e-01
2.479353131193249571e-01
2.494065178319323783e-01
2.508984914208454153e-01
2.524117735691516762e-01
2.539469323096122388e-01
2.555045728824816287e-01
2.570853328171654462e-01
2.586898937302347656e-01
2.603189742822246133e-01
2.619733457351330896e-01
2.636538221902245405e-01
2.653612809860386168e-01
2.670966494405767055e-01
2.688609315331043637e-01
2.706551901241437408e-01
2.724805818726989681e-01
2.743383335669984935e-01
2.762297879585912663e-01
2.781563723424144152e-01
2.801196590410671150e-01
2.821213237315619016e-01
2.841632259299002872e-01
2.862473534021057753e-01
2.883759302712986528e-01
2.905513429736956699e-01
2.927762879740195556e-01
2.950536703413539907e-01
2.973868069895814759e-01
2.997792933081166455e-01
3.022352970108755921e-01
3.047593545298942774e-01
3.073567747013673523e-01
3.100334195725338859e-01
3.127964044070876692e-01
3.156535348686679843e-01
3.186140420394120709e-01
3.216886455231924846e-01
3.248922011347180061e-01
3.282405537243321958e-01
3.317496489344812782e-01
3.317500396052135425e-01
3.321077682823073696e-01
3.324777332075348202e-01
3.328599128423461728e-01
3.332542858019615917e-01
3.336608317426272285e-01
3.340795344861481886e-01
3.345103797751501351e-01
3.349533565439374305e-01
3.354084554620808678e-01
3.358756707580846101e-01
3.363549985354082339e-01
3.368464384759876640e-01
3.373499921961943260e-01
3.378656650147928153e-01
3.383934642835748074e-01
3.389334011657546553e-01
3.394854889622881955e-01
3.400497449128765948e-01
3.406261885171386616e-01
3.412148433517907531e-01
3.418157353919866193e-01
3.424288948430260771e-01
3.430543544663185451e-01
3.436921514221310536e-01
3.443423256057677739e-01
3.450049214976833589e-01
3.456799865163411867e-01
3.463675728711734791e-01
3.470677359397950634e-01
3.477805361184019839e-01
3.485060372324739197e-01
3.492443083780403801e-01
3.499954223767993700e-01
3.507594576002813214e-01
3.515364964824755911e-01
3.523266273171629659e-01
3.531299428437943422e-01
3.539465420063762635e-01
3.547765286314156774e-01
3.556200131332481473e-01
3.564771113070738240e-01
3.573479459645531597e-01
3.582326458691783566e-01
3.591313472802051265e-01
3.600441930635184806e-01
3.609713341175984636e-01
3.619129287001134898e-01
3.628691437056202895e-01
3.638401542563898250e-01
3.648261447931688828e-01
3.658273089892146168e-01
3.668438506078723349e-01
3.678759838115975844e-01
3.689239337297564592e-01
3.699879372502599684e-01
3.710682432284677645e-01
3.721651138687743221e-01
3.732788244899288288e-01
3.744096656285752500e-01
3.755579422569294001e-01
3.767239767713359000e-01
3.779081075339744134e-01
3.791106929488901600e-01
3.803321091688067201e-01
3.815727555114104552e-01
3.828330511335480968e-01
3.841134421053732373e-01
3.854143968045980473e-01
3.867364150503883602e-01
3.880800219064071133e-01
3.894457793869683937e-01
3.908342782745743427e-01
3.922461530576853983e-01
3.936820712591856952e-01
3.951427524621383691e-01
3.966289545017860907e-01
3.981414977043678527e-01
3.996812470983805432e-01
4.012491433596432899e-01
4.028461799444141289e-01
4.044734427612720062e-01
4.061320807278934186e-01
4.078233568984396262e-01
4.095486105753458617e-01
4.113093238309528110e-01
4.131070720865897550e-01
4.149436110600062677e-01
4.168208134769416096e-01
4.187407859524210352e-01
4.207057814474093882e-01
4.227183515720622786e-01
4.247812455419429645e-01
4.268976403573202516e-01
4.290709486680268081e-01
4.313050610358705184e-01
4.336042843777020983e-01
4.359740088041220152e-01
4.384198911855433645e-01
4.409476246224414697e-01
4.409478892505071523e-01
4.410890856256950432e-01
4.412427763739104059e-01
4.414089204284349366e-01
4.415874769318337556e-01
4.417784060685256975e-01
4.419816720013562406e-01
4.421972407710413888e-01
4.424250815401612469e-01
4.426651651736134840e-01
4.429174659221847277e-01
4.431819598357606971e-01
4.434586263256656835e-01
4.437474466329980882e-01
4.440484054241032874e-01
4.443614892588403920e-01
4.446866881745914490e-01
4.450239941712336722e-01
4.453734027942433671e-01
4.457349116349357820e-01
4.461085219077045028e-01
4.464942369692117552e-01
4.468920638887777796e-01
4.473020119894758895e-01
4.477240944091461783e-01
4.481583266672635735e-01
4.486047282139007941e-01
4.490633210269086018e-01
4.495341311454663646e-01
4.500171873030459624e-01
4.505125224414801566e-01
4.510201723862741208e-01
4.515401773362215376e-01
4.520725805889492244e-01
4.526174300000341821e-01
4.531747767682458017e-01
4.537446768568146327e-01
4.543271898497356354e-01
4.549223803262746335e-01
4.555303168019475546e-01
4.561510730454965135e-01
4.567847271208650972e-01
4.574313626336266592e-01
4.580910678935178337e-01
4.587639370746230405e-01
4.594500695219062569e-01
4.601495708062790513e-01
4.608625522032320232e-01
4.615891316199487449e-01
4.623294332798019157e-01
4.630835884945961323e-01
4.638517355953899468e-01
4.646340205149506186e-01
4.654305970137895265e-01
4.662416270369428295e-01
4.670672812941946139e-01
4.679077393390465578e-01
4.687631905741596605e-01
4.696338339963522235e-01
4.705198797137876143e-01
4.714215482867827878e-01
4.723390728620773804e-01
4.732726980232196956e-01
4.742226826705617793e-01
4.751892982770276608e-01
4.761728326719640858e-01
4.771735875743520761e-01
4.781918834757232228e-01
4.792280562935298804e-01
4.802824635955661448e-01
4.813554801790560500e-01
4.824475059395837429e-01
4.835589601342628607e-01
4.846902912766088978e-01
4.858419697814932436e-01
4.870145003698673203e-01
4.882084127151898878e-01
4.894242769776342428e-01
4.906626919680975307e-01
4.919243046118761398e-01
4.932097950157673383e-01
4.945199009103575793e-01
4.958553988090132481e-01
4.972171348012321968e-01
4.986060008078549433e-01
5.000229736260712876e-01
5.014690847357715642e-01
5.029454699443952626e-01
5.044533315129902107e-01
5.059940025960129040e-01
5.075688969816078977e-01
5.091795905508846865e-01
5.108277631442833533e-01
5.125153147392292885e-01
5.142442658905754804e-01
5.160168783020194772e-01
5.178356102465310196e-01
5.197034156278037553e-01
5.216233724530815463e-01
5.235985779056425704e-01
